0.28797816531883524,436, 855.2981651376147, 1237.6811926605506, 0.12995183486238537, 883.2339449541284, 883.6169724770642, 809.8509174311927, 1243.4633027522937, 1247.961009174312, 1279.1123853211009
0.0,6, 838.0, 1332.1666666666667, 0.20999999999999996, 874.0, 822.3333333333334, 751.1666666666666, 1320.6666666666667, 1259.1666666666667, 1293.6666666666667
0.26754289597142034,365, 878.8465753424657, 1439.890410958904, 0.16287123287671224, 906.9123287671233, 885.4794520547945, 813.1041095890411, 1412.323287671233, 1366.5808219178082, 1350.0191780821917
1.0,10, 895.9, 1609.1, 0.15299999999999997, 938.4, 936.3, 867.5, 1595.2, 1486.1, 1562.4
0.02082912411450186,1, 936.0, 1394.0, 0.17, 961.0, 961.0, 882.0, 1385.0, 1337.0, 1326.0
0.43643745749829993,5, 850.6, 1062.2, 0.24200000000000005, 866.4, 827.0, 803.0, 1086.0, 1048.4, 1106.4
0.4949186991869919,4, 882.5, 1579.5, 0.26775, 925.75, 853.0, 738.0, 1428.5, 1307.25, 1402.0
0.4304347826086956,18, 856.7777777777778, 1043.8333333333333, 0.12811111111111118, 879.6111111111111, 870.3888888888889, 803.9444444444445, 1065.2777777777778, 1084.3333333333333, 1107.5
0.07261164901661495,2, 805.0, 1534.5, 0.1, 831.5, 841.0, 790.0, 1513.0, 1385.5, 1381.0
0.989451476793249,53, 878.4528301886793, 1399.3207547169811, 0.19592452830188684, 938.811320754717, 926.6037735849056, 830.6792452830189, 1368.698113207547, 1292.3962264150944, 1239.9056603773586
0.320503682584937,1, 912.0, 1645.0, 0.13, 930.0, 1011.0, 972.0, 1634.0, 1461.0, 1281.0
0.16129032258064516,1, 875.0, 1597.0, 0.13, 914.0, 946.0, 1008.0, 1571.0, 1427.0, 1391.0
0.20833333333333334,3, 784.6666666666666, 1478.6666666666667, 0.1466666666666667, 840.6666666666666, 912.0, 891.0, 1501.6666666666667, 1404.6666666666667, 1319.0
0.3333333333333333,5, 885.6, 1561.0, 0.18, 940.0, 962.0, 864.4, 1485.2, 1325.0, 1356.4
0.4827586206896552,3, 896.6666666666666, 1338.3333333333333, 0.24333333333333337, 924.3333333333334, 916.3333333333334, 959.6666666666666, 1346.0, 1278.0, 1326.0
0.11904761904761904,11, 874.8181818181819, 1503.3636363636363, 0.1461818181818182, 895.3636363636364, 899.8181818181819, 826.9090909090909, 1461.909090909091, 1406.2727272727273, 1348.4545454545455
0.23226773226773229,14, 852.5, 1435.142857142857, 0.1265, 878.5714285714286, 882.5, 856.7142857142857, 1374.5, 1275.5, 1336.7142857142858
0.7746112594346588,6, 906.8333333333334, 1563.0, 0.2151666666666667, 956.6666666666666, 932.0, 859.0, 1483.5, 1300.3333333333333, 1243.1666666666667
0.5145823094171409,3, 859.6666666666666, 2085.6666666666665, 0.29333333333333333, 907.3333333333334, 1036.6666666666667, 808.3333333333334, 2126.3333333333335, 2267.3333333333335, 2175.6666666666665
0.11518225545177777,4, 878.75, 1666.0, 0.207, 954.0, 1006.0, 945.25, 1542.5, 1293.25, 1288.75
0.4473684210526316,36, 867.1666666666666, 1349.1666666666667, 0.1246388888888889, 895.5833333333334, 914.8888888888889, 824.4722222222222, 1338.0277777777778, 1299.4722222222222, 1318.6944444444443
0.4857142857142857,6, 841.0, 1494.3333333333333, 0.17466666666666666, 879.0, 855.0, 782.5, 1465.8333333333333, 1403.5, 1364.0
0.1875,4, 759.0, 1567.75, 0.13275, 773.0, 820.5, 798.0, 1539.0, 1452.0, 1380.0
0.8685759145912924,19, 836.4736842105264, 1297.8947368421052, 0.14594736842105266, 875.5263157894736, 856.3157894736842, 807.3157894736842, 1340.3684210526317, 1309.9473684210527, 1367.3157894736842
0.5,9, 867.7777777777778, 1444.7777777777778, 0.13977777777777778, 891.2222222222222, 948.0, 859.7777777777778, 1413.111111111111, 1385.2222222222222, 1432.0
0.9056603773584906,17, 833.0, 1394.764705882353, 0.13929411764705882, 877.0588235294117, 832.1764705882352, 777.7058823529412, 1344.235294117647, 1226.0, 1241.7058823529412
-0.0032147828574918907,4, 844.5, 1487.0, 0.18725, 921.5, 971.75, 949.0, 1470.5, 1669.25, 1538.25
0.39601850516956444,19, 775.7894736842105, 1594.7894736842106, 0.14763157894736842, 816.3684210526316, 843.7894736842105, 787.3157894736842, 1556.0, 1429.4736842105262, 1415.421052631579
0.3858168631654727,9, 941.4444444444445, 1527.7777777777778, 0.1991111111111111, 987.6666666666666, 955.3333333333334, 835.2222222222222, 1443.7777777777778, 1326.3333333333333, 1268.7777777777778
0.9324324324324325,6, 839.8333333333334, 1546.3333333333333, 0.2031666666666667, 908.8333333333334, 871.1666666666666, 845.5, 1449.8333333333333, 1267.1666666666667, 1288.5
0.6666666666666666,7, 883.8571428571429, 1627.0, 0.2045714285714286, 967.1428571428571, 945.0, 843.4285714285714, 1538.142857142857, 1332.7142857142858, 1181.7142857142858
0.037286724927174365,17, 853.5882352941177, 1527.5882352941176, 0.17476470588235293, 906.4117647058823, 851.6470588235294, 727.8235294117648, 1461.8235294117646, 1314.1176470588234, 1199.8823529411766
0.9558498896247241,5, 873.4, 1601.2, 0.19019999999999998, 925.8, 926.0, 810.4, 1507.4, 1372.8, 1400.6
0.22993864229373032,6, 897.1666666666666, 1402.3333333333333, 0.1465, 940.0, 923.3333333333334, 802.5, 1286.0, 1159.1666666666667, 1226.8333333333333
0.9901960784313726,6, 857.6666666666666, 1285.3333333333333, 0.135, 903.3333333333334, 921.6666666666666, 804.3333333333334, 1305.1666666666667, 1315.5, 1313.1666666666667
0.7529680365296804,1, 849.0, 1387.0, 0.11, 885.0, 905.0, 873.0, 1393.0, 1355.0, 1328.0
0.3638457203316736,3, 834.3333333333334, 1384.6666666666667, 0.17666666666666667, 885.6666666666666, 844.3333333333334, 782.3333333333334, 1377.6666666666667, 1403.3333333333333, 1386.0
0.43993552669005404,13, 825.0, 1444.7692307692307, 0.12923076923076923, 861.6923076923077, 900.0, 811.7692307692307, 1425.7692307692307, 1354.2307692307693, 1347.6153846153845
0.06097560975609756,4, 865.0, 1515.75, 0.1855, 917.25, 965.0, 888.25, 1458.75, 1371.25, 1351.0
0.20978831347592225,39, 868.0512820512821, 1560.5128205128206, 0.18669230769230766, 946.6666666666666, 959.7948717948718, 893.3333333333334, 1453.1025641025642, 1344.0, 1337.2820512820513
0.9,53, 821.433962264151, 1545.9622641509434, 0.1654339622641509, 856.3396226415094, 833.1320754716982, 741.2264150943396, 1482.188679245283, 1344.566037735849, 1279.7169811320755
0.9985696771557009,29, 863.8275862068965, 1428.448275862069, 0.1428275862068966, 904.9310344827586, 928.1724137931035, 855.4827586206897, 1380.2413793103449, 1337.1379310344828, 1344.7931034482758
0.01825117263784198,2, 923.5, 1226.0, 0.195, 960.5, 812.0, 683.0, 1204.5, 1142.0, 1219.0
0.9199999999999999,19, 817.8947368421053, 1157.2105263157894, 0.11694736842105265, 834.7368421052631, 808.4736842105264, 729.1052631578947, 1165.4736842105262, 1183.0526315789473, 1275.3157894736842
0.16866374487131666,7, 762.0, 1473.5714285714287, 0.12142857142857143, 782.7142857142857, 826.7142857142857, 804.8571428571429, 1446.4285714285713, 1392.4285714285713, 1402.857142857143
0.03568369968598344,3, 855.3333333333334, 1478.3333333333333, 0.17700000000000002, 922.0, 880.6666666666666, 778.6666666666666, 1347.3333333333333, 1259.3333333333333, 1561.0
0.047573739295908656,12, 842.5833333333334, 1586.0, 0.15333333333333335, 907.25, 890.4166666666666, 854.0, 1448.5, 1276.75, 1330.3333333333333
0.5714285714285714,6, 896.5, 1637.1666666666667, 0.2615, 934.6666666666666, 870.6666666666666, 925.3333333333334, 1495.3333333333333, 1436.3333333333333, 1428.5
0.3169086541174173,6, 879.1666666666666, 1474.5, 0.13316666666666666, 904.1666666666666, 933.8333333333334, 892.3333333333334, 1439.3333333333333, 1322.8333333333333, 1225.8333333333333
0.4699356283782079,8, 883.375, 1528.5, 0.18725000000000003, 909.5, 841.375, 770.25, 1449.0, 1315.625, 1313.75
0.25,12, 889.25, 1238.1666666666667, 0.19141666666666668, 896.5833333333334, 902.3333333333334, 807.0833333333334, 1197.3333333333333, 1160.6666666666667, 1227.75
0.4888888888888889,28, 907.6071428571429, 1658.4285714285713, 0.2058571428571429, 941.75, 943.6785714285714, 879.6785714285714, 1558.5714285714287, 1342.857142857143, 1255.5357142857142
0.11457431215500621,3, 977.0, 1582.3333333333333, 0.26299999999999996, 990.0, 1016.6666666666666, 989.3333333333334, 1439.6666666666667, 1380.6666666666667, 1360.3333333333333
0.5232058376276886,5, 835.0, 1617.2, 0.1938, 874.6, 868.0, 769.2, 1520.4, 1436.8, 1435.0
0.24169246646026832,1, 951.0, 1307.0, 0.199, 986.0, 970.0, 938.0, 1315.0, 1253.0, 1226.0
0.004,20, 871.0, 1495.0, 0.14595000000000002, 902.2, 893.05, 834.15, 1463.7, 1410.55, 1452.2
0.8189551750463518,10, 871.6, 1445.5, 0.1971, 940.1, 913.4, 799.6, 1384.6, 1260.7, 1279.6
0.8583333333333334,4, 865.5, 1531.0, 0.17200000000000001, 896.25, 922.75, 861.5, 1495.75, 1397.75, 1318.5
0.7924477861944679,4, 808.25, 1645.25, 0.17525000000000002, 826.0, 862.5, 807.0, 1614.25, 1484.5, 1370.0
0.029940119760479042,8, 869.125, 1644.375, 0.180125, 890.625, 883.625, 788.875, 1590.0, 1443.125, 1348.0
0.851063829787234,6, 870.0, 1432.0, 0.1731666666666667, 879.5, 866.8333333333334, 872.5, 1327.3333333333333, 1236.5, 1246.8333333333333
0.09613819705639245,4, 900.75, 1630.0, 0.19025, 916.0, 945.25, 823.0, 1548.5, 1302.0, 1260.75
0.6047008547008548,6, 830.1666666666666, 1424.3333333333333, 0.22666666666666666, 855.8333333333334, 744.0, 710.5, 1320.6666666666667, 1227.3333333333333, 1279.0
0.0664819944598338,8, 794.875, 1354.875, 0.09262499999999999, 813.25, 841.0, 788.375, 1336.75, 1309.875, 1345.25
0.9768518518518519,13, 895.8461538461538, 1300.2307692307693, 0.12361538461538461, 924.6923076923077, 931.0769230769231, 856.3076923076923, 1283.3846153846155, 1223.6153846153845, 1239.6923076923076
0.16366612111292964,2, 788.5, 1323.0, 0.2455, 828.5, 811.0, 1032.0, 1177.5, 1258.0, 1411.0
0.34014806386840046,2, 860.5, 1166.0, 0.1555, 903.5, 916.5, 908.0, 1179.0, 1236.0, 1338.0
0.21055693545331977,5, 843.2, 1614.8, 0.166, 885.8, 957.8, 912.2, 1545.8, 1413.4, 1406.0
0.09732706075762634,5, 796.8, 1555.8, 0.15999999999999998, 832.6, 822.0, 762.2, 1493.0, 1341.4, 1236.0
0.8166666666666667,9, 830.1111111111111, 1580.0, 0.13011111111111112, 871.5555555555555, 944.4444444444445, 990.0, 1574.5555555555557, 1507.6666666666667, 1458.7777777777778
0.3975563909774436,6, 830.5, 1433.1666666666667, 0.157, 850.1666666666666, 885.3333333333334, 864.0, 1424.0, 1343.8333333333333, 1553.0
0.21524064171122995,5, 863.8, 1541.2, 0.2162, 885.6, 944.2, 875.6, 1440.8, 1430.8, 1430.2
0.9886561954624782,1, 847.0, 1339.0, 0.121, 878.0, 870.0, 766.0, 1325.0, 1262.0, 1288.0
0.08950545727963642,31, 858.1612903225806, 1456.3870967741937, 0.11616129032258067, 887.3225806451613, 905.0645161290323, 832.0, 1455.2903225806451, 1439.1935483870968, 1419.9032258064517
0.14556962025316456,6, 950.8333333333334, 1542.0, 0.2233333333333333, 1000.5, 985.8333333333334, 907.3333333333334, 1487.1666666666667, 1378.1666666666667, 1306.1666666666667
0.06573290878638645,6, 788.8333333333334, 1706.1666666666667, 0.1401666666666667, 845.8333333333334, 880.1666666666666, 771.3333333333334, 1689.6666666666667, 1613.5, 1518.6666666666667
0.03540179922937689,9, 860.8888888888889, 1487.5555555555557, 0.14933333333333335, 933.6666666666666, 953.7777777777778, 856.1111111111111, 1387.7777777777778, 1275.5555555555557, 1283.888888888889
0.2582808742897702,1, 639.0, 1450.0, 0.03, 690.0, 706.0, 710.0, 1662.0, 1676.0, 1652.0
0.08250825082508251,2, 836.5, 1515.0, 0.15500000000000003, 845.0, 858.0, 825.0, 1480.0, 1393.0, 1306.5
0.853299856527977,12, 793.1666666666666, 1429.3333333333333, 0.09749999999999999, 811.5, 831.6666666666666, 778.5, 1424.8333333333333, 1409.75, 1385.8333333333333
0.1721311475409836,1, 802.0, 1580.0, 0.11, 880.0, 901.0, 911.0, 1529.0, 1409.0, 1427.0
0.01737228245385574,4, 888.75, 1645.0, 0.16275, 929.25, 923.75, 860.25, 1509.5, 1305.75, 1316.0
0.0662940654052643,5, 949.6, 1565.6, 0.3444, 940.2, 862.2, 921.6, 1444.0, 1467.6, 1419.0
0.09401709401709402,12, 827.5833333333334, 1606.1666666666667, 0.148, 867.25, 899.75, 835.1666666666666, 1540.0833333333333, 1330.5, 1227.0833333333333
0.018518518518518517,12, 882.9166666666666, 1540.0833333333333, 0.231, 908.8333333333334, 876.5833333333334, 885.6666666666666, 1385.4166666666667, 1290.9166666666667, 1393.1666666666667
0.002472799208704253,16, 868.0, 1510.0, 0.1370625, 951.375, 950.375, 858.6875, 1504.5625, 1467.25, 1549.5
0.7004124065641378,9, 859.3333333333334, 1622.6666666666667, 0.19333333333333333, 905.7777777777778, 930.8888888888889, 811.6666666666666, 1497.888888888889, 1361.5555555555557, 1326.111111111111
0.3468338725085468,5, 937.2, 1303.0, 0.1658, 971.8, 933.4, 898.6, 1304.6, 1330.0, 1732.6
0.5555555555555556,3, 946.6666666666666, 1381.6666666666667, 0.15, 1039.6666666666667, 997.0, 876.0, 1341.0, 1224.6666666666667, 1228.0
0.044642857142857144,19, 846.2105263157895, 1715.157894736842, 0.2195789473684211, 987.6315789473684, 1017.2105263157895, 921.8421052631579, 1571.2105263157894, 1415.6315789473683, 1375.157894736842
0.7252567693744165,2, 963.0, 1516.0, 0.3055, 976.5, 800.0, 836.0, 1284.5, 1176.5, 1358.0
0.5591230662924629,11, 787.9090909090909, 1681.5454545454545, 0.2326363636363636, 863.2727272727273, 865.9090909090909, 793.9090909090909, 1615.4545454545455, 1479.6363636363637, 1406.5454545454545
0.003323262839879154,29, 804.7931034482758, 1509.3103448275863, 0.13520689655172416, 837.0689655172414, 880.5862068965517, 834.9655172413793, 1496.2758620689656, 1417.9655172413793, 1373.896551724138
0.0847457627118644,3, 848.6666666666666, 1480.6666666666667, 0.16, 915.3333333333334, 926.6666666666666, 854.3333333333334, 1439.6666666666667, 1315.3333333333333, 1237.0
0.9090909090909091,3, 809.0, 1537.6666666666667, 0.12033333333333333, 809.0, 833.6666666666666, 918.0, 1531.0, 1468.0, 1561.0
0.30319148936170215,4, 848.25, 1394.5, 0.168, 895.25, 875.0, 809.25, 1413.5, 1302.25, 1229.25
0.8914565826330532,10, 817.8, 1448.9, 0.10800000000000001, 836.5, 842.8, 794.5, 1448.5, 1474.2, 1501.2
0.8333333333333333,2, 837.0, 1478.5, 0.1155, 815.5, 844.5, 766.5, 1416.5, 1189.5, 1202.5
0.5286233530213539,10, 879.8, 1540.6, 0.1451, 919.5, 970.2, 931.9, 1526.7, 1456.9, 1435.9
0.935483870967742,1, 851.0, 1494.0, 0.07, 851.0, 898.0, 809.0, 1494.0, 1533.0, 1582.0
0.0054466230936819175,9, 866.8888888888889, 1663.3333333333333, 0.18766666666666665, 913.8888888888889, 912.4444444444445, 839.0, 1554.2222222222222, 1518.6666666666667, 1526.2222222222222
0.6976981351981353,15, 844.4, 1370.6, 0.13746666666666668, 874.0666666666667, 857.2666666666667, 812.2, 1351.2666666666667, 1329.4, 1375.2666666666667
0.875,4, 793.0, 1528.25, 0.09775, 827.75, 824.5, 769.75, 1532.75, 1538.5, 1542.75
0.05963228348710511,6, 846.5, 1703.0, 0.12683333333333333, 895.8333333333334, 939.8333333333334, 893.8333333333334, 1691.5, 1604.8333333333333, 1548.6666666666667
0.016722408026755852,5, 877.2, 1585.4, 0.1298, 942.8, 986.6, 936.2, 1556.0, 1513.6, 1466.4
0.007246376811594203,4, 861.75, 1668.75, 0.195, 897.5, 961.5, 878.75, 1617.5, 1420.5, 1290.0
0.6,1, 872.0, 1544.0, 0.19, 864.0, 918.0, 753.0, 1486.0, 1383.0, 1298.0
0.41485001407712074,10, 905.9, 1676.9, 0.19080000000000003, 958.1, 974.8, 892.4, 1603.5, 1465.2, 1428.7
0.03986826139712255,14, 894.7142857142857, 1721.357142857143, 0.16999999999999998, 939.9285714285714, 969.3571428571429, 868.3571428571429, 1670.7142857142858, 1480.2857142857142, 1353.7142857142858
0.45454545454545453,2, 924.5, 1372.5, 0.27, 950.0, 929.5, 834.0, 1423.0, 1313.5, 1223.5
0.06119523026890933,3, 903.3333333333334, 1591.3333333333333, 0.19666666666666666, 945.0, 884.3333333333334, 853.6666666666666, 1427.0, 1373.0, 1364.0
0.9915014164305949,10, 897.6, 1233.4, 0.1672, 939.0, 938.5, 782.9, 1202.1, 1219.4, 1208.1
0.2583779621670076,3, 814.3333333333334, 1690.3333333333333, 0.13333333333333333, 849.3333333333334, 927.0, 860.3333333333334, 1672.0, 1554.0, 1351.0
0.051490514905149054,4, 852.5, 1398.0, 0.13975, 921.5, 944.5, 903.5, 1392.0, 1346.0, 1395.25
