0.0,1, 1105.0, 1478.0, 0.03, 1105.0, 1098.0, 1088.0, 1478.0, 1466.0, 1461.0
1.0,3, 667.0, 1420.3333333333333, 0.03, 667.0, 657.3333333333334, 645.6666666666666, 1420.3333333333333, 1401.6666666666667, 1380.3333333333333
0.43643745749829993,3, 607.3333333333334, 1937.3333333333333, 0.029666666666666664, 607.3333333333334, 599.0, 590.6666666666666, 1937.3333333333333, 1971.6666666666667, 2001.3333333333333
0.4949186991869919,1, 879.0, 1945.0, 0.03, 879.0, 849.0, 823.0, 1945.0, 1861.0, 1775.0
0.3333333333333333,1, 567.0, 1059.0, 0.03, 567.0, 566.0, 563.0, 1059.0, 1050.0, 1036.0
0.989451476793249,11, 605.0, 1317.3636363636363, 0.03618181818181818, 606.7272727272727, 600.7272727272727, 600.7272727272727, 1325.3636363636363, 1305.5454545454545, 1317.5454545454545
0.16129032258064516,1, 598.0, 1426.0, 0.04, 597.0, 605.0, 601.0, 1428.0, 1472.0, 1571.0
0.11904761904761904,2, 606.0, 1097.0, 0.03, 606.0, 599.0, 596.5, 1097.0, 1025.0, 970.0
0.23226773226773229,3, 995.3333333333334, 1424.0, 0.03266666666666667, 1000.3333333333334, 965.6666666666666, 928.3333333333334, 1428.3333333333333, 1396.3333333333333, 1371.6666666666667
0.11518225545177777,5, 590.0, 1341.0, 0.0442, 597.6, 582.6, 583.6, 1385.8, 1291.6, 1270.0
0.4473684210526316,10, 700.1, 1469.0, 0.0337, 700.6, 691.7, 681.4, 1481.2, 1437.2, 1420.1
0.4857142857142857,2, 576.5, 1654.5, 0.0295, 576.0, 561.0, 548.5, 1654.5, 1606.0, 1556.5
0.1875,2, 686.0, 1334.5, 0.0405, 687.5, 666.5, 630.5, 1348.5, 1307.5, 1325.5
0.8685759145912924,3, 654.3333333333334, 1287.6666666666667, 0.03566666666666667, 657.0, 645.0, 626.0, 1292.0, 1307.0, 1395.6666666666667
0.5,2, 677.0, 1162.5, 0.0295, 677.0, 673.0, 667.0, 1162.5, 1150.0, 1128.0
0.26754289597142034,4, 549.75, 1439.5, 0.05, 554.5, 529.25, 502.75, 1455.0, 1402.75, 1391.0
0.9056603773584906,5, 577.6, 1418.8, 0.032600000000000004, 579.4, 574.8, 569.0, 1497.6, 1485.0, 1476.6
0.6666666666666666,3, 589.6666666666666, 1312.3333333333333, 0.03, 589.6666666666666, 582.0, 584.3333333333334, 1312.3333333333333, 1271.3333333333333, 1233.3333333333333
0.037286724927174365,3, 753.0, 1456.6666666666667, 0.036333333333333336, 770.6666666666666, 732.3333333333334, 721.0, 1459.3333333333333, 1422.0, 1391.0
0.22993864229373032,1, 550.0, 1222.0, 0.041, 551.0, 540.0, 528.0, 1223.0, 1223.0, 1254.0
0.7529680365296804,1, 602.0, 1123.0, 0.04, 605.0, 594.0, 582.0, 1137.0, 1075.0, 1045.0
0.06097560975609756,1, 549.0, 1179.0, 0.029, 549.0, 546.0, 543.0, 1178.0, 1165.0, 1149.0
0.9985696771557009,3, 592.0, 1309.3333333333333, 0.029666666666666664, 592.0, 579.0, 564.0, 1309.3333333333333, 1276.6666666666667, 1238.3333333333333
0.28797816531883524,7, 586.7142857142857, 1492.857142857143, 0.033, 648.0, 606.7142857142857, 566.7142857142857, 1642.5714285714287, 1586.5714285714287, 1540.0
0.01825117263784198,1, 612.0, 1300.0, 0.041, 612.0, 609.0, 591.0, 1310.0, 1283.0, 1270.0
0.9199999999999999,2, 738.5, 1707.5, 0.03, 739.0, 745.0, 747.5, 1707.5, 1707.0, 1706.0
0.03568369968598344,1, 740.0, 1554.0, 0.029, 740.0, 706.0, 672.0, 1554.0, 1535.0, 1512.0
0.5714285714285714,1, 730.0, 1764.0, 0.03, 730.0, 699.0, 670.0, 1764.0, 1745.0, 1703.0
0.4699356283782079,2, 590.0, 1406.5, 0.0455, 592.5, 582.5, 548.5, 1409.0, 1427.0, 1539.0
0.4888888888888889,7, 587.0, 1354.5714285714287, 0.03585714285714286, 586.5714285714286, 570.4285714285714, 563.0, 1367.0, 1278.857142857143, 1234.4285714285713
0.5232058376276886,2, 675.5, 1519.5, 0.035500000000000004, 689.5, 625.0, 649.5, 1527.0, 1444.5, 1455.5
0.24169246646026832,1, 573.0, 1342.0, 0.04, 573.0, 570.0, 558.0, 1343.0, 1331.0, 1313.0
0.004,2, 614.0, 1434.5, 0.035500000000000004, 617.5, 579.0, 547.0, 1465.5, 1220.0, 1189.5
0.8583333333333334,2, 551.5, 1346.5, 0.0295, 551.5, 548.5, 545.0, 1346.5, 1336.0, 1338.0
0.047573739295908656,1, 845.0, 1798.0, 0.031, 845.0, 833.0, 811.0, 1798.0, 1789.0, 1744.0
0.03540179922937689,3, 644.6666666666666, 1510.6666666666667, 0.03333333333333333, 644.6666666666666, 626.6666666666666, 608.3333333333334, 1510.3333333333333, 1491.6666666666667, 1479.0
0.0461236316271587,1, 562.0, 1420.0, 0.06, 571.0, 544.0, 515.0, 1448.0, 1450.0, 1580.0
0.9768518518518519,3, 597.0, 1598.3333333333333, 0.03666666666666667, 597.3333333333334, 595.3333333333334, 591.6666666666666, 1607.0, 1553.6666666666667, 1491.6666666666667
0.09732706075762634,2, 506.0, 1365.0, 0.0345, 507.5, 500.0, 501.0, 1361.0, 1367.5, 1314.0
0.3975563909774436,3, 569.0, 1375.3333333333333, 0.04066666666666666, 568.3333333333334, 571.0, 562.3333333333334, 1382.0, 1332.6666666666667, 1273.3333333333333
0.14556962025316456,4, 613.0, 1469.25, 0.032, 613.0, 610.5, 604.5, 1476.5, 1418.25, 1369.5
0.06573290878638645,4, 649.75, 1122.75, 0.03275, 655.5, 608.0, 579.25, 1131.5, 1026.0, 955.25
0.9901960784313726,6, 637.3333333333334, 1416.3333333333333, 0.03166666666666667, 645.6666666666666, 636.8333333333334, 625.1666666666666, 1455.1666666666667, 1405.5, 1360.8333333333333
0.9,1, 895.0, 1566.0, 0.03, 896.0, 871.0, 827.0, 1566.0, 1548.0, 1532.0
0.2582808742897702,1, 611.0, 1439.0, 0.06, 614.0, 610.0, 580.0, 1534.0, 1433.0, 1643.0
0.08250825082508251,1, 587.0, 1210.0, 0.05, 590.0, 590.0, 558.0, 1234.0, 1250.0, 1386.0
0.853299856527977,1, 605.0, 1682.0, 0.05, 580.0, 658.0, 788.0, 1760.0, 1467.0, 1040.0
0.1721311475409836,1, 911.0, 1608.0, 0.029, 911.0, 903.0, 902.0, 1608.0, 1601.0, 1592.0
0.0662940654052643,2, 545.0, 1371.5, 0.03, 545.0, 546.0, 546.5, 1371.5, 1333.5, 1293.5
0.09401709401709402,2, 665.0, 1265.5, 0.035, 664.5, 675.0, 698.0, 1264.0, 1294.5, 1323.0
0.002472799208704253,2, 696.5, 1397.5, 0.0345, 697.0, 694.0, 698.0, 1399.0, 1386.0, 1380.5
0.5555555555555556,2, 674.0, 1501.5, 0.0305, 674.0, 635.0, 603.0, 1501.5, 1458.5, 1414.5
0.003323262839879154,1, 706.0, 1777.0, 0.029, 706.0, 686.0, 666.0, 1777.0, 1721.0, 1663.0
0.8333333333333333,1, 498.0, 1406.0, 0.03, 498.0, 591.0, 682.0, 1406.0, 1357.0, 1281.0
0.5286233530213539,1, 595.0, 1178.0, 0.039, 591.0, 616.0, 617.0, 1182.0, 1163.0, 1160.0
0.0054466230936819175,1, 883.0, 1648.0, 0.089, 873.0, 838.0, 742.0, 1667.0, 1603.0, 1580.0
0.6976981351981353,2, 601.5, 1604.0, 0.03, 601.0, 578.0, 557.0, 1604.0, 1565.5, 1532.0
0.08950545727963642,2, 667.0, 1577.0, 0.03, 667.0, 659.0, 657.0, 1577.0, 1576.5, 1568.0
0.016722408026755852,2, 656.0, 1470.0, 0.031, 868.5, 801.5, 710.0, 1847.0, 1719.0, 1566.5
0.007246376811594203,2, 582.5, 1287.0, 0.040499999999999994, 573.0, 605.0, 625.0, 1283.0, 1281.5, 1265.0
0.3638457203316736,1, 538.0, 1416.0, 0.05, 538.0, 541.0, 542.0, 1459.0, 1363.0, 1290.0
0.6,5, 565.8, 1378.8, 0.0318, 622.2, 622.8, 624.6, 1451.2, 1472.8, 1484.8
0.03986826139712255,2, 737.5, 1519.5, 0.0305, 737.5, 737.0, 737.0, 1519.5, 1500.5, 1476.5
0.9915014164305949,3, 559.3333333333334, 1456.0, 0.033, 560.0, 544.3333333333334, 533.6666666666666, 1458.0, 1419.6666666666667, 1384.6666666666667
