0.0,10, 634.8, 945.6, 0.12209999999999999, 631.0, 646.7, 642.3, 961.7, 892.7, 907.7
0.26754289597142034,66, 627.8333333333334, 870.3030303030303, 0.14068181818181816, 625.9545454545455, 637.2727272727273, 642.2272727272727, 882.8636363636364, 889.030303030303, 977.9848484848485
0.28797816531883524,33, 678.5757575757576, 999.3030303030303, 0.12081818181818184, 675.6060606060606, 684.3939393939394, 699.8181818181819, 1032.4242424242425, 949.6363636363636, 1001.9090909090909
1.0,3, 599.0, 933.3333333333334, 0.13999999999999999, 595.6666666666666, 604.0, 611.6666666666666, 955.0, 917.3333333333334, 979.3333333333334
0.43643745749829993,1, 610.0, 690.0, 0.18, 610.0, 588.0, 597.0, 695.0, 739.0, 802.0
0.4949186991869919,1, 644.0, 1123.0, 0.09, 638.0, 654.0, 654.0, 1139.0, 1024.0, 946.0
0.07261164901661495,32, 750.71875, 1186.15625, 0.10612500000000001, 739.90625, 772.0, 791.40625, 1217.21875, 1131.78125, 1123.0
0.989451476793249,10, 561.1, 978.6, 0.1368, 560.3, 571.6, 593.0, 1003.9, 950.4, 966.4
0.16129032258064516,2, 587.0, 801.0, 0.15, 591.0, 572.5, 585.0, 840.0, 666.5, 682.5
0.20833333333333334,3, 623.3333333333334, 851.6666666666666, 0.16733333333333333, 616.0, 638.0, 652.3333333333334, 855.3333333333334, 907.0, 991.0
0.23226773226773229,3, 679.3333333333334, 1005.6666666666666, 0.14366666666666666, 671.6666666666666, 688.6666666666666, 678.3333333333334, 1040.3333333333333, 971.0, 970.0
0.5,1, 600.0, 879.0, 0.15, 603.0, 602.0, 624.0, 913.0, 842.0, 897.0
-0.0032147828574918907,8, 565.625, 883.625, 0.13, 629.0, 594.875, 631.625, 1001.625, 907.125, 911.25
0.9324324324324325,1, 591.0, 773.0, 0.2, 589.0, 593.0, 676.0, 795.0, 843.0, 1062.0
0.9558498896247241,4, 574.25, 755.75, 0.14725000000000002, 572.5, 580.75, 605.5, 785.25, 770.75, 911.75
0.3638457203316736,8, 784.125, 1063.375, 0.137, 775.125, 808.875, 809.75, 1073.125, 1057.375, 1128.875
0.9901960784313726,22, 622.1363636363636, 1058.7727272727273, 0.1509090909090909, 621.5, 624.5454545454545, 643.4090909090909, 1083.3636363636363, 1001.5, 1066.8636363636363
0.20978831347592225,9, 603.7777777777778, 994.6666666666666, 0.15233333333333332, 605.2222222222222, 601.5555555555555, 627.1111111111111, 999.2222222222222, 1007.8888888888889, 1010.1111111111111
0.9985696771557009,1, 538.0, 816.0, 0.15, 536.0, 553.0, 558.0, 802.0, 877.0, 1017.0
0.03568369968598344,1, 595.0, 1017.0, 0.1, 595.0, 596.0, 601.0, 1046.0, 960.0, 923.0
0.047573739295908656,1, 557.0, 719.0, 0.13, 557.0, 569.0, 597.0, 812.0, 650.0, 742.0
0.4304347826086956,2, 579.0, 616.0, 0.1545, 579.5, 579.5, 576.5, 622.0, 646.5, 783.5
0.5232058376276886,9, 595.3333333333334, 867.6666666666666, 0.16555555555555554, 589.5555555555555, 628.4444444444445, 643.3333333333334, 881.8888888888889, 870.2222222222222, 952.7777777777778
0.9056603773584906,3, 633.3333333333334, 1029.6666666666667, 0.11033333333333334, 630.3333333333334, 647.0, 667.3333333333334, 1065.3333333333333, 963.0, 1055.3333333333333
0.03540179922937689,8, 700.25, 900.25, 0.126375, 698.25, 694.25, 693.5, 929.25, 866.875, 882.375
0.09613819705639245,6, 615.8333333333334, 876.1666666666666, 0.1335, 616.8333333333334, 622.1666666666666, 671.8333333333334, 895.6666666666666, 839.0, 963.8333333333334
0.6047008547008548,1, 632.0, 725.0, 0.201, 622.0, 614.0, 625.0, 737.0, 583.0, 738.0
0.9199999999999999,3, 604.6666666666666, 842.0, 0.09000000000000001, 605.6666666666666, 605.6666666666666, 625.3333333333334, 870.3333333333334, 774.6666666666666, 822.3333333333334
0.34014806386840046,1, 532.0, 824.0, 0.141, 531.0, 551.0, 564.0, 823.0, 722.0, 707.0
0.09732706075762634,1, 659.0, 818.0, 0.14, 658.0, 649.0, 647.0, 818.0, 820.0, 850.0
0.39601850516956444,11, 735.8181818181819, 1119.6363636363637, 0.09681818181818179, 730.2727272727273, 752.0909090909091, 771.2727272727273, 1132.6363636363637, 1082.8181818181818, 1060.5454545454545
0.3975563909774436,3, 739.0, 938.0, 0.13633333333333333, 725.6666666666666, 773.3333333333334, 792.3333333333334, 947.3333333333334, 913.0, 924.3333333333334
0.9,4, 866.5, 1278.75, 0.11725000000000001, 847.75, 886.0, 872.75, 1287.5, 1257.5, 1222.25
0.06573290878638645,3, 749.0, 1001.6666666666666, 0.16, 737.0, 778.6666666666666, 803.3333333333334, 1008.0, 910.6666666666666, 911.0
0.9768518518518519,4, 800.25, 959.5, 0.1205, 797.25, 791.0, 793.5, 990.25, 896.75, 935.0
0.2582808742897702,1, 634.0, 720.0, 0.09, 633.0, 639.0, 613.0, 763.0, 686.0, 714.0
0.01737228245385574,2, 835.5, 913.5, 0.13, 833.5, 860.0, 895.0, 942.5, 1039.5, 1099.5
0.4473684210526316,1, 725.0, 1076.0, 0.16, 728.0, 696.0, 720.0, 1093.0, 1064.0, 1134.0
0.5555555555555556,1, 665.0, 788.0, 0.141, 664.0, 664.0, 698.0, 820.0, 756.0, 855.0
0.08950545727963642,3, 645.6666666666666, 975.6666666666666, 0.15, 647.3333333333334, 643.0, 640.0, 997.0, 904.0, 958.0
0.7004124065641378,6, 602.5, 792.3333333333334, 0.16849999999999998, 602.5, 605.8333333333334, 634.5, 804.5, 783.8333333333334, 870.5
0.7252567693744165,4, 807.0, 1055.0, 0.14025, 799.25, 714.25, 731.5, 1083.0, 1053.25, 1089.75
0.11904761904761904,5, 592.8, 718.8, 0.1918, 591.6, 589.6, 601.6, 747.4, 600.0, 737.4
0.0847457627118644,1, 580.0, 802.0, 0.181, 581.0, 562.0, 562.0, 814.0, 776.0, 793.0
0.30319148936170215,4, 767.25, 1179.0, 0.16024999999999998, 767.25, 769.0, 759.75, 1192.0, 1148.0, 1115.5
0.8685759145912924,3, 658.0, 997.3333333333334, 0.11633333333333334, 648.0, 750.3333333333334, 727.3333333333334, 1014.0, 1112.3333333333333, 1043.3333333333333
0.8333333333333333,1, 738.0, 740.0, 0.139, 732.0, 775.0, 793.0, 785.0, 765.0, 825.0
0.935483870967742,1, 770.0, 1125.0, 0.111, 770.0, 773.0, 767.0, 1150.0, 1077.0, 1109.0
0.6976981351981353,1, 684.0, 950.0, 0.17, 667.0, 735.0, 690.0, 964.0, 1001.0, 1187.0
0.007246376811594203,2, 660.5, 949.0, 0.1305, 664.5, 642.0, 637.5, 967.5, 897.0, 867.0
0.03986826139712255,4, 635.75, 941.5, 0.1525, 634.0, 626.25, 628.25, 899.75, 1001.5, 935.25
0.9915014164305949,2, 634.5, 855.5, 0.1555, 636.5, 640.0, 658.0, 877.5, 826.5, 924.0
