0.0,10, 659.3, 1620.2, 0.04, 656.8, 662.7, 660.6, 1622.7, 1597.1, 1568.3
0.26754289597142034,67, 595.3880597014926, 1581.5820895522388, 0.03982089552238806, 607.8805970149253, 614.0298507462686, 623.3880597014926, 1606.2686567164178, 1596.4925373134329, 1618.5671641791046
0.28797816531883524,33, 614.7878787878788, 1577.969696969697, 0.0557878787878788, 685.030303030303, 667.8181818181819, 666.060606060606, 1712.3939393939395, 1679.1818181818182, 1669.909090909091
1.0,3, 685.3333333333334, 1374.6666666666667, 0.03, 685.3333333333334, 698.0, 714.6666666666666, 1374.6666666666667, 1375.3333333333333, 1373.3333333333333
0.43643745749829993,1, 568.0, 1827.0, 0.03, 568.0, 570.0, 573.0, 1827.0, 1797.0, 1774.0
0.4949186991869919,1, 564.0, 1806.0, 0.03, 564.0, 556.0, 545.0, 1806.0, 1783.0, 1768.0
0.07261164901661495,32, 593.15625, 1720.21875, 0.03537500000000001, 592.4375, 593.84375, 595.875, 1727.21875, 1713.4375, 1722.90625
0.989451476793249,10, 624.4, 1435.8, 0.043, 633.7, 615.1, 594.4, 1453.3, 1420.8, 1412.2
0.16129032258064516,2, 628.0, 1614.0, 0.0305, 628.0, 626.0, 625.0, 1614.0, 1616.5, 1633.5
0.20833333333333334,3, 614.0, 1617.3333333333333, 0.043666666666666666, 614.0, 611.3333333333334, 611.0, 1625.0, 1618.0, 1599.3333333333333
0.23226773226773229,3, 821.0, 1020.0, 0.07666666666666666, 825.0, 789.0, 834.3333333333334, 1036.0, 1029.3333333333333, 1064.6666666666667
0.5,1, 555.0, 1451.0, 0.04, 556.0, 553.0, 556.0, 1443.0, 1510.0, 1569.0
-0.0032147828574918907,8, 596.375, 1723.375, 0.03375, 611.0, 598.375, 596.875, 1748.5, 1732.0, 1731.625
0.9324324324324325,1, 617.0, 1339.0, 0.04, 617.0, 620.0, 618.0, 1338.0, 1371.0, 1394.0
0.9558498896247241,4, 644.0, 1725.5, 0.035, 645.0, 645.25, 684.0, 1735.25, 1726.25, 1737.5
0.3638457203316736,8, 670.625, 1380.0, 0.0385, 671.0, 668.75, 657.625, 1374.375, 1375.75, 1354.0
0.9901960784313726,22, 660.1363636363636, 1651.5, 0.047454545454545465, 658.6363636363636, 660.4090909090909, 653.4545454545455, 1657.0454545454545, 1644.8636363636363, 1657.2727272727273
0.20978831347592225,9, 629.1111111111111, 1503.0, 0.042333333333333334, 628.4444444444445, 626.7777777777778, 627.7777777777778, 1505.4444444444443, 1488.7777777777778, 1474.111111111111
0.9985696771557009,1, 597.0, 1359.0, 0.05, 609.0, 604.0, 680.0, 1354.0, 1451.0, 1525.0
0.03568369968598344,1, 610.0, 1316.0, 0.03, 610.0, 598.0, 585.0, 1316.0, 1322.0, 1327.0
0.047573739295908656,1, 645.0, 1637.0, 0.04, 647.0, 641.0, 648.0, 1644.0, 1574.0, 1502.0
0.4304347826086956,2, 600.0, 1164.0, 0.07, 606.0, 606.0, 644.5, 1207.5, 1104.0, 1161.5
0.5232058376276886,9, 634.7777777777778, 1536.2222222222222, 0.029888888888888892, 634.7777777777778, 640.8888888888889, 652.7777777777778, 1536.111111111111, 1531.111111111111, 1530.111111111111
0.9056603773584906,3, 655.3333333333334, 1542.6666666666667, 0.029666666666666664, 655.3333333333334, 674.0, 696.6666666666666, 1542.6666666666667, 1547.6666666666667, 1574.6666666666667
0.03540179922937689,8, 634.625, 1700.375, 0.0335, 634.375, 630.75, 621.375, 1701.875, 1670.875, 1653.125
0.09613819705639245,6, 659.3333333333334, 1574.8333333333333, 0.030166666666666665, 659.3333333333334, 665.1666666666666, 673.5, 1575.0, 1565.1666666666667, 1556.8333333333333
0.6047008547008548,1, 608.0, 1397.0, 0.03, 608.0, 602.0, 597.0, 1396.0, 1397.0, 1387.0
0.9199999999999999,3, 887.3333333333334, 1189.6666666666667, 0.056999999999999995, 888.0, 892.0, 876.3333333333334, 1173.0, 1224.0, 1278.6666666666667
0.34014806386840046,1, 713.0, 1474.0, 0.05, 705.0, 707.0, 687.0, 1492.0, 1429.0, 1343.0
0.09732706075762634,1, 803.0, 1329.0, 0.06, 764.0, 783.0, 814.0, 1485.0, 1173.0, 1175.0
0.39601850516956444,11, 594.3636363636364, 1463.0, 0.03627272727272728, 1100.090909090909, 1042.0, 1098.3636363636363, 1958.2727272727273, 1872.090909090909, 1921.4545454545455
0.3975563909774436,3, 642.6666666666666, 1361.3333333333333, 0.10333333333333333, 649.6666666666666, 688.3333333333334, 677.0, 1419.0, 1292.6666666666667, 1267.6666666666667
0.9,4, 661.0, 1550.0, 0.03225, 661.25, 661.25, 660.5, 1545.25, 1572.25, 1590.25
0.06573290878638645,3, 649.3333333333334, 1755.3333333333333, 0.029666666666666664, 1159.0, 1183.3333333333333, 1198.0, 2424.6666666666665, 2426.3333333333335, 2397.3333333333335
0.9768518518518519,4, 652.5, 1651.0, 0.04475, 634.25, 680.5, 680.25, 1678.25, 1603.0, 1575.75
0.2582808742897702,1, 653.0, 1479.0, 0.03, 653.0, 652.0, 647.0, 1479.0, 1496.0, 1522.0
0.01737228245385574,2, 675.0, 1609.5, 0.0695, 674.0, 652.0, 608.0, 1631.5, 1580.5, 1584.5
0.4473684210526316,1, 570.0, 1805.0, 0.03, 570.0, 569.0, 569.0, 1805.0, 1778.0, 1733.0
0.5555555555555556,1, 561.0, 1601.0, 0.04, 563.0, 549.0, 534.0, 1607.0, 1561.0, 1543.0
0.08950545727963642,3, 581.0, 1535.0, 0.03, 581.0, 584.0, 587.6666666666666, 1535.0, 1529.3333333333333, 1527.3333333333333
0.7004124065641378,6, 692.3333333333334, 1648.5, 0.036333333333333336, 687.8333333333334, 693.6666666666666, 685.1666666666666, 1645.3333333333333, 1645.5, 1636.5
0.7252567693744165,4, 826.0, 1102.25, 0.09975, 840.75, 824.5, 810.75, 1137.75, 1080.75, 1138.75
0.11904761904761904,5, 651.0, 1709.8, 0.046, 650.8, 653.0, 656.0, 1744.0, 1637.6, 1551.6
0.0847457627118644,1, 685.0, 1014.0, 0.03, 685.0, 699.0, 710.0, 1014.0, 1034.0, 1065.0
0.30319148936170215,4, 656.5, 1535.25, 0.045, 656.75, 656.5, 651.5, 1542.0, 1531.25, 1531.25
0.8685759145912924,3, 728.6666666666666, 1377.0, 0.05000000000000001, 733.0, 728.3333333333334, 761.3333333333334, 1387.0, 1363.6666666666667, 1518.3333333333333
0.8333333333333333,1, 670.0, 1432.0, 0.03, 670.0, 660.0, 651.0, 1432.0, 1435.0, 1440.0
0.935483870967742,1, 623.0, 1915.0, 0.03, 623.0, 636.0, 648.0, 1915.0, 1887.0, 1867.0
0.6976981351981353,1, 578.0, 1601.0, 0.03, 578.0, 583.0, 589.0, 1601.0, 1585.0, 1581.0
0.007246376811594203,2, 669.5, 1583.0, 0.0395, 664.0, 670.0, 655.5, 1572.5, 1579.0, 1588.5
0.03986826139712255,4, 638.0, 1676.5, 0.037250000000000005, 637.75, 641.5, 643.75, 1678.25, 1675.25, 1673.25
0.9915014164305949,2, 708.5, 1141.5, 0.0495, 714.0, 679.5, 635.0, 1125.5, 1171.0, 1188.5
