0.0,2, 535.5, 2468.5, 0.1305, 546.5, 524.5, 689.0, 2389.0, 2554.0, 2552.0
0.26754289597142034,33, 560.8484848484849, 2288.6060606060605, 0.05833333333333335, 564.3030303030303, 561.8484848484849, 633.3030303030303, 2269.0, 2308.151515151515, 2314.0
1.0,1, 523.0, 2589.0, 0.2, 527.0, 462.0, 445.0, 2637.0, 2311.0, 2119.0
0.02082912411450186,2, 514.5, 2018.0, 0.065, 521.5, 500.0, 489.5, 1967.5, 2077.0, 2081.5
0.4949186991869919,4, 610.0, 2112.5, 0.10250000000000001, 612.25, 591.5, 566.0, 2119.75, 2099.75, 2036.25
0.4304347826086956,4, 668.0, 2205.75, 0.037250000000000005, 673.5, 666.0, 671.25, 2215.75, 2206.25, 2209.75
0.07261164901661495,2, 574.5, 2194.0, 0.1295, 574.0, 589.5, 650.0, 2193.0, 2232.5, 2201.0
0.3333333333333333,5, 534.8, 2043.2, 0.09179999999999999, 544.6, 502.0, 541.4, 2053.4, 2003.0, 2059.2
0.989451476793249,22, 542.4545454545455, 2358.7727272727275, 0.10868181818181818, 548.3636363636364, 544.9545454545455, 573.5, 2359.1363636363635, 2341.818181818182, 2228.0454545454545
0.16129032258064516,2, 517.5, 2170.0, 0.065, 519.5, 523.5, 568.5, 2155.5, 2179.5, 2162.5
0.28797816531883524,26, 575.5384615384615, 1999.6923076923076, 0.05450000000000002, 577.1153846153846, 576.8846153846154, 588.0384615384615, 2036.2692307692307, 2053.923076923077, 1941.423076923077
0.11904761904761904,1, 574.0, 2140.0, 0.05, 592.0, 549.0, 535.0, 2058.0, 2245.0, 2254.0
0.7746112594346588,6, 573.1666666666666, 2572.6666666666665, 0.08183333333333333, 582.6666666666666, 634.1666666666666, 727.3333333333334, 2615.5, 2594.5, 2441.5
0.5145823094171409,2, 593.0, 2316.0, 0.07500000000000001, 609.0, 561.0, 510.0, 2250.0, 2299.5, 2254.0
0.11518225545177777,3, 619.6666666666666, 1886.6666666666667, 0.07633333333333334, 615.6666666666666, 593.6666666666666, 583.6666666666666, 1880.6666666666667, 1863.6666666666667, 1839.0
0.4473684210526316,8, 498.25, 2466.875, 0.105125, 508.75, 533.75, 734.875, 2441.25, 2362.875, 2439.125
0.1875,3, 482.6666666666667, 2034.0, 0.07333333333333332, 498.6666666666667, 481.6666666666667, 496.0, 2028.0, 2079.6666666666665, 2084.6666666666665
0.8685759145912924,7, 517.5714285714286, 2489.8571428571427, 0.06885714285714287, 519.4285714285714, 536.8571428571429, 554.0, 2472.4285714285716, 2508.4285714285716, 2380.8571428571427
0.5,2, 674.0, 2024.5, 0.035, 703.5, 701.0, 703.0, 2176.0, 2206.0, 2198.5
-0.0032147828574918907,4, 564.75, 2047.0, 0.12250000000000001, 583.25, 538.0, 579.5, 2028.0, 2065.25, 2032.5
0.39601850516956444,6, 510.6666666666667, 2152.3333333333335, 0.06816666666666667, 516.1666666666666, 494.1666666666667, 476.8333333333333, 2205.0, 2255.0, 2131.1666666666665
0.3858168631654727,8, 524.5, 2602.875, 0.091125, 534.375, 506.0, 509.75, 2544.75, 2611.875, 2472.5
0.9324324324324325,5, 546.2, 2678.8, 0.13599999999999998, 557.0, 537.0, 610.0, 2645.6, 2714.2, 2537.8
0.6666666666666666,3, 513.6666666666666, 2137.0, 0.12633333333333333, 516.3333333333334, 514.3333333333334, 511.3333333333333, 2124.6666666666665, 2140.0, 1908.6666666666667
0.22993864229373032,8, 520.875, 2330.25, 0.057375, 532.75, 510.375, 517.125, 2324.0, 2293.25, 2226.25
0.9901960784313726,1, 560.0, 1725.0, 0.039, 563.0, 537.0, 520.0, 1730.0, 1672.0, 1612.0
0.3638457203316736,9, 479.55555555555554, 2474.0, 0.1187777777777778, 499.1111111111111, 569.8888888888889, 459.22222222222223, 2464.8888888888887, 2500.6666666666665, 2409.3333333333335
0.43993552669005404,2, 558.5, 2208.5, 0.055, 562.5, 546.0, 545.5, 2191.0, 2230.5, 2203.5
0.9056603773584906,15, 560.5333333333333, 2531.3333333333335, 0.06413333333333333, 568.8, 546.7333333333333, 552.9333333333333, 2493.0666666666666, 2537.4, 2451.0
0.9985696771557009,12, 571.9166666666666, 2244.3333333333335, 0.08108333333333333, 578.6666666666666, 567.1666666666666, 635.75, 2200.5833333333335, 2273.8333333333335, 2207.4166666666665
0.9199999999999999,8, 542.75, 2331.125, 0.085375, 548.75, 526.125, 581.5, 2311.5, 2279.875, 2060.125
0.03568369968598344,3, 506.3333333333333, 2287.6666666666665, 0.067, 509.6666666666667, 513.6666666666666, 695.6666666666666, 2226.3333333333335, 2335.0, 2384.6666666666665
0.047573739295908656,7, 553.0, 2032.142857142857, 0.05257142857142856, 560.0, 531.8571428571429, 517.1428571428571, 2030.0, 1981.4285714285713, 1889.5714285714287
0.5714285714285714,2, 476.0, 2388.5, 0.07050000000000001, 480.0, 468.0, 486.0, 2377.5, 2387.0, 2366.0
0.4699356283782079,1, 478.0, 2324.0, 0.09, 481.0, 538.0, 576.0, 2345.0, 1956.0, 1679.0
0.25,1, 542.0, 2655.0, 0.031, 542.0, 538.0, 536.0, 2655.0, 2655.0, 2647.0
0.4888888888888889,15, 545.8666666666667, 1990.0, 0.09733333333333334, 553.3333333333334, 532.4, 532.4, 1961.6, 2025.8666666666666, 1952.3333333333333
0.11457431215500621,1, 554.0, 2551.0, 0.05, 574.0, 526.0, 500.0, 2582.0, 2513.0, 2433.0
0.5232058376276886,9, 555.2222222222222, 2404.0, 0.0791111111111111, 566.3333333333334, 551.6666666666666, 607.7777777777778, 2402.6666666666665, 2371.0, 2314.777777777778
0.004,3, 502.0, 2356.6666666666665, 0.16666666666666666, 508.3333333333333, 488.6666666666667, 633.0, 2380.6666666666665, 2428.6666666666665, 2427.0
0.8583333333333334,2, 608.0, 1989.5, 0.05, 605.5, 608.5, 570.5, 1942.5, 2031.5, 2037.0
0.7924477861944679,2, 545.5, 2337.0, 0.0695, 555.5, 538.0, 564.5, 2245.5, 2300.0, 2032.0
0.029940119760479042,1, 511.0, 2328.0, 0.09, 541.0, 476.0, 1087.0, 2253.0, 2326.0, 2295.0
0.0664819944598338,12, 580.5833333333334, 2062.6666666666665, 0.06833333333333334, 586.5833333333334, 562.0, 587.0833333333334, 2045.5833333333333, 2091.5833333333335, 2015.5
0.9768518518518519,1, 642.0, 2373.0, 0.03, 642.0, 637.0, 633.0, 2373.0, 2520.0, 2664.0
0.34014806386840046,4, 549.0, 2269.5, 0.065, 556.0, 542.5, 546.5, 2262.25, 2265.75, 2232.25
0.21055693545331977,1, 483.0, 2217.0, 0.061, 499.0, 460.0, 438.0, 2216.0, 2155.0, 2033.0
0.09732706075762634,1, 514.0, 2349.0, 0.04, 518.0, 492.0, 470.0, 2343.0, 2391.0, 2425.0
0.8166666666666667,1, 451.0, 2643.0, 0.25, 462.0, 411.0, 1209.0, 2635.0, 2586.0, 2677.0
0.3975563909774436,1, 489.0, 2359.0, 0.12, 491.0, 490.0, 514.0, 2337.0, 2425.0, 2385.0
0.21524064171122995,1, 410.0, 1639.0, 0.39, 412.0, 951.0, 436.0, 1635.0, 2050.0, 1852.0
0.08950545727963642,13, 519.8461538461538, 2160.0, 0.066, 524.3846153846154, 519.0769230769231, 669.2307692307693, 2141.923076923077, 2168.0, 2160.4615384615386
0.9,14, 475.0, 2334.1428571428573, 0.11507142857142859, 480.2142857142857, 459.14285714285717, 456.2857142857143, 2301.8571428571427, 2340.714285714286, 2009.642857142857
0.14556962025316456,4, 491.0, 2249.0, 0.09275000000000001, 504.75, 486.75, 675.0, 2156.0, 2344.0, 2042.0
0.06573290878638645,3, 520.6666666666666, 1995.6666666666667, 0.05666666666666667, 530.3333333333334, 503.0, 483.3333333333333, 1965.0, 2007.3333333333333, 1947.3333333333333
0.03540179922937689,1, 550.0, 2871.0, 0.05, 557.0, 541.0, 531.0, 2824.0, 2869.0, 2814.0
0.2582808742897702,4, 572.25, 2026.0, 0.06725, 583.5, 542.0, 537.5, 2023.5, 2026.5, 1865.5
0.08250825082508251,1, 479.0, 2515.0, 0.26, 478.0, 471.0, 585.0, 2500.0, 2409.0, 2184.0
0.1721311475409836,1, 612.0, 2783.0, 0.031, 612.0, 662.0, 741.0, 2783.0, 2817.0, 2834.0
0.01737228245385574,5, 507.2, 2130.6, 0.055600000000000004, 514.0, 491.6, 482.0, 2124.4, 2108.6, 2109.2
0.0662940654052643,1, 461.0, 2551.0, 0.17, 459.0, 498.0, 476.0, 2518.0, 2815.0, 2877.0
0.20978831347592225,3, 600.3333333333334, 2400.0, 0.04633333333333334, 603.6666666666666, 586.3333333333334, 566.6666666666666, 2380.6666666666665, 2476.6666666666665, 2468.0
0.09401709401709402,6, 566.5, 2080.6666666666665, 0.07516666666666667, 583.1666666666666, 533.8333333333334, 513.3333333333334, 2044.0, 2059.8333333333335, 1890.1666666666667
0.018518518518518517,1, 487.0, 1407.0, 0.031, 487.0, 489.0, 487.0, 1407.0, 1413.0, 1424.0
0.002472799208704253,2, 523.5, 2573.5, 0.06, 576.0, 528.0, 1147.5, 2482.0, 2634.0, 2634.5
0.23226773226773229,1, 570.0, 2015.0, 0.03, 570.0, 572.0, 576.0, 2015.0, 2047.0, 2076.0
0.7004124065641378,7, 513.7142857142857, 2335.5714285714284, 0.08571428571428572, 526.4285714285714, 569.1428571428571, 912.4285714285714, 2296.285714285714, 2395.5714285714284, 2438.1428571428573
0.5555555555555556,2, 595.0, 2148.0, 0.0455, 600.0, 580.5, 594.5, 2091.0, 2204.5, 2287.0
0.7252567693744165,7, 632.2857142857143, 1965.142857142857, 0.077, 636.2857142857143, 610.5714285714286, 882.7142857142857, 1971.5714285714287, 1865.5714285714287, 2020.5714285714287
0.003323262839879154,1, 692.0, 1362.0, 0.03, 692.0, 698.0, 702.0, 1362.0, 1402.0, 1445.0
0.0847457627118644,3, 556.0, 2559.0, 0.13, 572.3333333333334, 711.3333333333334, 913.0, 2640.6666666666665, 2659.3333333333335, 2755.3333333333335
0.30319148936170215,2, 513.5, 2539.5, 0.14550000000000002, 514.0, 511.0, 894.5, 2487.5, 2464.0, 2677.5
0.8333333333333333,6, 548.6666666666666, 2394.1666666666665, 0.13333333333333333, 567.8333333333334, 939.8333333333334, 891.3333333333334, 2408.1666666666665, 2383.3333333333335, 2264.5
0.037286724927174365,3, 527.6666666666666, 2403.3333333333335, 0.103, 527.3333333333334, 512.3333333333334, 577.0, 2407.6666666666665, 2431.0, 2172.0
0.5286233530213539,8, 582.375, 2156.375, 0.102625, 587.25, 579.625, 569.25, 2145.75, 2095.75, 1989.75
0.935483870967742,1, 478.0, 2189.0, 0.111, 483.0, 480.0, 527.0, 2207.0, 2085.0, 2027.0
0.0054466230936819175,1, 590.0, 2512.0, 0.03, 590.0, 584.0, 577.0, 2512.0, 2546.0, 2573.0
0.6976981351981353,4, 524.0, 2537.5, 0.1475, 526.5, 507.5, 499.75, 2528.25, 2618.5, 2510.25
0.016722408026755852,1, 481.0, 2535.0, 0.07, 489.0, 464.0, 650.0, 2453.0, 2598.0, 2875.0
0.007246376811594203,14, 644.5714285714286, 2073.1428571428573, 0.07128571428571427, 649.1428571428571, 625.0714285714286, 669.3571428571429, 2049.0714285714284, 2102.9285714285716, 2098.214285714286
0.41485001407712074,2, 640.0, 2222.0, 0.050499999999999996, 633.0, 653.0, 706.5, 2193.5, 2259.5, 2245.0
0.03986826139712255,6, 519.3333333333334, 2265.5, 0.10133333333333334, 532.3333333333334, 496.1666666666667, 504.5, 2259.5, 2227.6666666666665, 2034.5
0.45454545454545453,4, 582.75, 2331.25, 0.0725, 588.25, 577.0, 560.25, 2280.75, 2376.5, 2420.75
0.06119523026890933,1, 482.0, 2757.0, 0.12, 492.0, 483.0, 457.0, 2807.0, 2734.0, 2503.0
0.9915014164305949,2, 539.0, 2166.5, 0.0505, 532.0, 532.5, 497.5, 2136.5, 2177.5, 2159.0
