0.0,2, 497.5, 1435.0, 0.0295, 497.5, 486.5, 482.5, 1435.0, 1437.0, 1437.0
0.26754289597142034,34, 566.7058823529412, 1474.5294117647059, 0.032352941176470605, 569.5, 572.3529411764706, 574.4117647058823, 1489.7058823529412, 1489.0294117647059, 1479.6470588235295
1.0,1, 621.0, 1645.0, 0.03, 621.0, 610.0, 600.0, 1645.0, 1643.0, 1635.0
0.02082912411450186,2, 581.0, 1562.5, 0.03, 581.0, 575.5, 569.5, 1562.5, 1551.0, 1517.0
0.4949186991869919,4, 594.75, 1570.0, 0.03025, 594.75, 590.0, 586.5, 1570.0, 1573.5, 1576.0
0.4304347826086956,4, 598.75, 1756.75, 0.03025, 598.75, 609.75, 623.75, 1756.75, 1789.0, 1821.0
0.07261164901661495,2, 637.5, 1409.0, 0.055, 644.0, 595.5, 569.5, 1413.0, 1310.0, 1368.0
0.3333333333333333,5, 603.8, 1772.4, 0.032, 603.8, 595.0, 581.8, 1771.0, 1785.2, 1786.2
0.989451476793249,22, 583.4545454545455, 1324.9545454545455, 0.03786363636363638, 592.0, 590.6818181818181, 587.5, 1349.3181818181818, 1337.7727272727273, 1341.4545454545455
0.16129032258064516,2, 625.0, 1451.0, 0.03, 625.0, 612.0, 599.5, 1451.0, 1419.5, 1385.0
0.28797816531883524,26, 612.0769230769231, 1558.6153846153845, 0.03280769230769233, 610.8461538461538, 617.5384615384615, 611.9230769230769, 1587.2692307692307, 1588.923076923077, 1583.5384615384614
0.11904761904761904,1, 537.0, 1524.0, 0.031, 537.0, 544.0, 564.0, 1524.0, 1517.0, 1515.0
0.7746112594346588,6, 595.3333333333334, 1570.6666666666667, 0.0315, 595.6666666666666, 587.3333333333334, 578.6666666666666, 1567.6666666666667, 1584.0, 1587.0
0.5145823094171409,2, 529.5, 1737.5, 0.03, 529.5, 529.5, 528.5, 1737.5, 1791.0, 1843.0
0.11518225545177777,3, 556.3333333333334, 1526.0, 0.03, 556.3333333333334, 537.3333333333334, 517.6666666666666, 1526.0, 1524.6666666666667, 1521.3333333333333
0.4473684210526316,8, 550.5, 1485.0, 0.03, 550.5, 551.25, 552.625, 1485.0, 1463.25, 1442.625
0.1875,3, 595.3333333333334, 1459.3333333333333, 0.03, 842.0, 813.6666666666666, 782.3333333333334, 1590.0, 1594.3333333333333, 1600.3333333333333
0.8685759145912924,7, 559.8571428571429, 1567.5714285714287, 0.029428571428571425, 684.2857142857143, 668.5714285714286, 654.4285714285714, 1786.5714285714287, 1750.0, 1711.5714285714287
0.5,3, 528.0, 1492.6666666666667, 0.03, 528.0, 536.0, 549.0, 1492.6666666666667, 1460.6666666666667, 1427.0
-0.0032147828574918907,4, 498.25, 1530.75, 0.0325, 498.5, 494.75, 492.5, 1531.75, 1508.25, 1491.5
0.39601850516956444,6, 586.5, 1558.5, 0.03133333333333333, 585.5, 589.5, 590.0, 1567.5, 1550.5, 1538.8333333333333
0.3858168631654727,8, 557.75, 1634.75, 0.031125, 557.375, 563.5, 566.625, 1634.25, 1641.375, 1644.625
0.9324324324324325,5, 554.4, 1413.6, 0.030199999999999998, 554.4, 555.8, 556.2, 1413.6, 1401.2, 1390.2
0.6666666666666666,4, 581.25, 1341.0, 0.0325, 580.5, 584.0, 580.0, 1338.75, 1339.75, 1326.75
0.22993864229373032,8, 555.75, 1508.375, 0.029875, 555.75, 552.125, 551.625, 1508.375, 1491.375, 1472.75
0.9901960784313726,1, 702.0, 1110.0, 0.03, 702.0, 696.0, 684.0, 1110.0, 1121.0, 1145.0
0.3638457203316736,9, 543.4444444444445, 1589.4444444444443, 0.04455555555555557, 561.2222222222222, 475.8888888888889, 455.0, 1593.0, 1529.7777777777778, 1494.3333333333333
0.43993552669005404,2, 496.0, 1284.5, 0.03, 496.0, 506.0, 515.0, 1284.0, 1260.0, 1222.0
0.9056603773584906,15, 574.2, 1511.6666666666667, 0.03273333333333335, 575.1333333333333, 568.2666666666667, 563.0666666666667, 1521.6666666666667, 1495.8666666666666, 1472.7333333333333
0.9985696771557009,12, 566.8333333333334, 1391.9166666666667, 0.030916666666666665, 604.8333333333334, 595.3333333333334, 585.0833333333334, 1464.5, 1442.3333333333333, 1422.1666666666667
0.9199999999999999,8, 547.25, 1560.25, 0.031125, 602.0, 587.125, 578.75, 1620.875, 1570.625, 1531.5
0.03568369968598344,3, 615.6666666666666, 1456.0, 0.03333333333333333, 616.6666666666666, 605.6666666666666, 590.3333333333334, 1455.6666666666667, 1458.6666666666667, 1455.6666666666667
0.047573739295908656,7, 581.1428571428571, 1460.857142857143, 0.03014285714285714, 581.1428571428571, 580.5714285714286, 579.8571428571429, 1460.857142857143, 1468.4285714285713, 1472.0
0.5714285714285714,2, 547.0, 1523.0, 0.035, 544.0, 566.0, 591.0, 1524.0, 1512.0, 1481.5
0.4699356283782079,1, 511.0, 1582.0, 0.031, 970.0, 935.0, 853.0, 2200.0, 2192.0, 2158.0
0.25,1, 610.0, 1983.0, 0.029, 610.0, 607.0, 600.0, 1983.0, 1989.0, 2001.0
0.4888888888888889,15, 611.4, 1490.4, 0.03406666666666668, 611.9333333333333, 608.2666666666667, 601.5333333333333, 1485.1333333333334, 1497.4666666666667, 1502.9333333333334
0.11457431215500621,1, 446.0, 1533.0, 0.029, 446.0, 440.0, 434.0, 1533.0, 1519.0, 1505.0
0.5232058376276886,10, 497.9, 1419.2, 0.0308, 497.8, 497.0, 496.4, 1418.8, 1417.1, 1406.2
0.004,4, 534.0, 1455.0, 0.03275, 532.25, 551.5, 568.0, 1458.25, 1412.25, 1390.75
0.8583333333333334,2, 606.0, 1390.5, 0.03, 619.0, 618.5, 613.5, 1514.5, 1496.0, 1473.0
0.7924477861944679,2, 504.0, 1427.0, 0.03, 504.0, 497.0, 491.0, 1427.0, 1417.5, 1404.5
0.029940119760479042,1, 506.0, 1346.0, 0.03, 506.0, 504.0, 506.0, 1346.0, 1296.0, 1274.0
0.0664819944598338,12, 666.5833333333334, 1650.6666666666667, 0.04408333333333334, 667.25, 662.8333333333334, 649.6666666666666, 1661.0, 1661.0833333333333, 1664.1666666666667
0.9768518518518519,1, 633.0, 1270.0, 0.031, 633.0, 625.0, 612.0, 1270.0, 1266.0, 1276.0
0.34014806386840046,4, 666.5, 1436.0, 0.03025, 666.5, 665.75, 663.25, 1436.0, 1438.0, 1437.75
0.21055693545331977,1, 573.0, 2093.0, 0.03, 573.0, 591.0, 598.0, 2094.0, 2195.0, 2181.0
0.09732706075762634,1, 482.0, 1473.0, 0.03, 496.0, 494.0, 491.0, 2051.0, 2194.0, 2329.0
0.8166666666666667,1, 514.0, 979.0, 0.029, 514.0, 516.0, 516.0, 979.0, 979.0, 982.0
0.3975563909774436,1, 575.0, 1792.0, 0.029, 575.0, 575.0, 575.0, 1792.0, 1779.0, 1763.0
0.21524064171122995,1, 587.0, 1247.0, 0.05, 609.0, 559.0, 540.0, 1247.0, 1230.0, 1200.0
0.08950545727963642,13, 641.4615384615385, 1583.0, 0.03338461538461539, 641.0769230769231, 624.8461538461538, 608.6153846153846, 1574.923076923077, 1591.076923076923, 1591.6153846153845
0.9,14, 533.7142857142857, 1440.7142857142858, 0.03000000000000001, 541.6428571428571, 540.8571428571429, 538.7142857142857, 1456.4285714285713, 1449.642857142857, 1442.2142857142858
0.14556962025316456,4, 576.25, 1329.25, 0.04, 577.0, 569.25, 550.5, 1337.25, 1300.0, 1282.25
0.06573290878638645,3, 552.6666666666666, 1686.0, 0.029666666666666664, 552.6666666666666, 543.0, 537.6666666666666, 1686.0, 1711.0, 1735.6666666666667
0.03540179922937689,1, 508.0, 1124.0, 0.029, 508.0, 505.0, 504.0, 1124.0, 1116.0, 1118.0
0.2582808742897702,4, 554.75, 1570.75, 0.03225, 554.25, 555.25, 549.25, 1571.5, 1569.5, 1563.25
0.08250825082508251,1, 541.0, 1685.0, 0.03, 541.0, 526.0, 515.0, 1685.0, 1651.0, 1618.0
0.1721311475409836,1, 629.0, 1324.0, 0.07, 627.0, 643.0, 692.0, 1353.0, 1272.0, 1339.0
0.01737228245385574,5, 619.0, 1660.6, 0.03, 619.0, 609.0, 598.6, 1660.8, 1675.2, 1689.2
0.0662940654052643,1, 579.0, 1144.0, 0.03, 579.0, 562.0, 545.0, 1144.0, 1123.0, 1072.0
0.20978831347592225,3, 565.0, 1482.0, 0.030333333333333334, 576.0, 574.6666666666666, 576.0, 1531.3333333333333, 1519.6666666666667, 1510.0
0.09401709401709402,6, 651.1666666666666, 1245.6666666666667, 0.03183333333333333, 651.1666666666666, 667.6666666666666, 663.1666666666666, 1245.6666666666667, 1268.6666666666667, 1270.6666666666667
0.018518518518518517,1, 579.0, 1330.0, 0.08, 567.0, 601.0, 552.0, 1331.0, 1464.0, 1632.0
0.002472799208704253,2, 681.0, 1577.5, 0.029, 681.0, 673.0, 664.0, 1577.5, 1571.5, 1568.0
0.23226773226773229,1, 507.0, 1701.0, 0.03, 525.0, 528.0, 545.0, 2132.0, 2174.0, 2248.0
0.7004124065641378,7, 551.2857142857143, 1558.2857142857142, 0.03442857142857143, 549.2857142857143, 552.1428571428571, 550.4285714285714, 1566.857142857143, 1541.0, 1559.857142857143
0.5555555555555556,2, 619.5, 1283.5, 0.03, 619.5, 620.0, 618.0, 1283.5, 1220.0, 1167.0
0.7252567693744165,7, 635.5714285714286, 1526.7142857142858, 0.03428571428571429, 701.5714285714286, 697.1428571428571, 684.7142857142857, 1657.7142857142858, 1663.0, 1642.0
0.003323262839879154,1, 648.0, 1485.0, 0.029, 648.0, 641.0, 636.0, 1485.0, 1478.0, 1476.0
0.0847457627118644,3, 623.3333333333334, 1339.0, 0.03333333333333333, 623.3333333333334, 635.3333333333334, 643.0, 1339.0, 1327.3333333333333, 1321.0
0.30319148936170215,2, 597.5, 1475.0, 0.0305, 597.5, 587.0, 575.0, 1474.5, 1445.5, 1417.5
0.8333333333333333,6, 592.3333333333334, 1437.6666666666667, 0.05183333333333334, 589.5, 584.5, 577.0, 1431.6666666666667, 1479.6666666666667, 1544.1666666666667
0.037286724927174365,3, 685.0, 1239.0, 0.030333333333333334, 685.0, 670.0, 650.6666666666666, 1239.0, 1225.0, 1212.0
0.5286233530213539,8, 579.25, 1463.125, 0.03, 579.25, 578.5, 575.375, 1463.125, 1457.625, 1449.625
0.935483870967742,1, 513.0, 1407.0, 0.03, 513.0, 507.0, 497.0, 1407.0, 1433.0, 1472.0
0.0054466230936819175,1, 558.0, 1519.0, 0.029, 558.0, 563.0, 576.0, 1519.0, 1521.0, 1528.0
0.6976981351981353,4, 533.25, 1308.5, 0.035, 533.25, 531.0, 534.0, 1307.75, 1323.0, 1374.75
0.016722408026755852,1, 525.0, 1594.0, 0.03, 525.0, 518.0, 515.0, 1594.0, 1597.0, 1600.0
0.007246376811594203,14, 636.5714285714286, 1323.4285714285713, 0.031357142857142854, 636.5, 644.2857142857143, 645.3571428571429, 1323.4285714285713, 1334.5, 1340.5
0.41485001407712074,2, 685.0, 1485.5, 0.0305, 685.0, 675.0, 660.5, 1485.5, 1478.0, 1457.0
0.03986826139712255,6, 647.0, 1427.3333333333333, 0.03333333333333333, 648.6666666666666, 638.1666666666666, 628.8333333333334, 1448.8333333333333, 1442.3333333333333, 1463.5
0.45454545454545453,4, 561.5, 1483.25, 0.03, 561.5, 558.0, 552.75, 1483.25, 1461.0, 1432.5
0.06119523026890933,1, 650.0, 1468.0, 0.03, 650.0, 643.0, 631.0, 1468.0, 1463.0, 1455.0
0.9915014164305949,3, 543.3333333333334, 1414.6666666666667, 0.03, 543.3333333333334, 534.3333333333334, 525.0, 1415.0, 1412.3333333333333, 1394.3333333333333
