0.0,2, 651.5, 1301.5, 0.196, 657.5, 587.5, 596.5, 1305.5, 1352.0, 1426.5
0.26754289597142034,34, 634.0294117647059, 1532.8823529411766, 0.10147058823529412, 681.2352941176471, 602.5588235294117, 600.5882352941177, 1619.8823529411766, 1477.5588235294117, 1486.3235294117646
1.0,1, 632.0, 1413.0, 0.16, 627.0, 639.0, 590.0, 1423.0, 1419.0, 1527.0
0.02082912411450186,2, 570.0, 1692.0, 0.08, 565.5, 618.5, 638.5, 1725.5, 1644.0, 1560.0
0.4949186991869919,4, 697.5, 1618.25, 0.105, 775.5, 622.75, 635.25, 1724.25, 1498.0, 1487.5
0.4304347826086956,4, 604.0, 1545.0, 0.0975, 611.75, 601.25, 578.5, 1557.75, 1524.0, 1508.5
0.07261164901661495,2, 598.0, 1442.5, 0.105, 633.5, 639.0, 646.5, 1518.5, 1389.5, 1309.5
0.3333333333333333,5, 635.0, 1634.2, 0.07980000000000001, 612.0, 680.4, 688.6, 1701.0, 1593.4, 1575.8
0.989451476793249,22, 602.8181818181819, 1416.409090909091, 0.09554545454545454, 604.2272727272727, 600.1818181818181, 593.0, 1441.5454545454545, 1368.1363636363637, 1385.4545454545455
0.16129032258064516,2, 593.5, 1509.0, 0.08, 604.5, 585.5, 578.5, 1523.5, 1489.0, 1474.0
0.28797816531883524,26, 605.2692307692307, 1596.7307692307693, 0.07250000000000002, 624.3076923076923, 610.3076923076923, 614.6153846153846, 1663.8846153846155, 1593.3846153846155, 1597.7692307692307
0.11904761904761904,1, 509.0, 1359.0, 0.12, 514.0, 507.0, 512.0, 1401.0, 1377.0, 1469.0
0.7746112594346588,6, 629.1666666666666, 1575.6666666666667, 0.10966666666666668, 641.5, 627.1666666666666, 606.6666666666666, 1609.6666666666667, 1576.8333333333333, 1591.3333333333333
0.5145823094171409,2, 668.5, 1364.0, 0.11549999999999999, 667.0, 665.0, 639.5, 1386.0, 1297.5, 1265.5
0.11518225545177777,3, 628.6666666666666, 1511.0, 0.107, 627.6666666666666, 627.3333333333334, 632.6666666666666, 1559.6666666666667, 1437.6666666666667, 1437.0
0.4473684210526316,8, 647.25, 1458.75, 0.10012499999999999, 652.75, 631.75, 581.625, 1497.625, 1430.25, 1463.125
0.1875,3, 600.3333333333334, 1419.0, 0.09966666666666667, 609.3333333333334, 564.0, 579.3333333333334, 1451.6666666666667, 1362.0, 1352.6666666666667
0.8685759145912924,7, 665.2857142857143, 1543.4285714285713, 0.13271428571428573, 666.5714285714286, 657.0, 673.2857142857143, 1566.7142857142858, 1524.857142857143, 1584.2857142857142
0.5,3, 616.0, 1471.3333333333333, 0.11033333333333332, 633.0, 614.6666666666666, 706.0, 1469.6666666666667, 1468.3333333333333, 1708.3333333333333
-0.0032147828574918907,4, 556.0, 1480.75, 0.0925, 557.0, 550.75, 550.5, 1498.75, 1470.75, 1539.0
0.39601850516956444,6, 613.6666666666666, 1617.0, 0.07466666666666666, 640.1666666666666, 631.6666666666666, 635.8333333333334, 1735.0, 1682.1666666666667, 1708.3333333333333
0.3858168631654727,8, 599.0, 1543.375, 0.081, 605.5, 593.875, 576.375, 1580.0, 1512.125, 1562.0
0.9324324324324325,6, 582.5, 1618.6666666666667, 0.10533333333333333, 581.5, 576.5, 555.0, 1625.5, 1645.8333333333333, 1689.3333333333333
0.6666666666666666,4, 631.5, 1406.25, 0.1025, 624.0, 643.25, 621.0, 1435.0, 1349.75, 1401.0
0.22993864229373032,8, 608.625, 1615.125, 0.09999999999999999, 610.75, 613.125, 617.375, 1631.625, 1599.25, 1662.75
0.9901960784313726,1, 567.0, 1487.0, 0.1, 544.0, 621.0, 616.0, 1524.0, 1435.0, 1398.0
0.3638457203316736,9, 646.8888888888889, 1401.5555555555557, 0.1322222222222222, 641.6666666666666, 640.3333333333334, 632.1111111111111, 1395.7777777777778, 1464.7777777777778, 1576.888888888889
0.43993552669005404,2, 606.0, 1432.0, 0.085, 626.5, 603.0, 589.5, 1438.0, 1441.0, 1453.0
0.9056603773584906,15, 573.1333333333333, 1514.2, 0.08793333333333332, 572.4666666666667, 584.6666666666666, 586.2666666666667, 1558.4, 1464.2666666666667, 1486.4666666666667
0.9985696771557009,12, 573.25, 1551.9166666666667, 0.08491666666666665, 576.0833333333334, 571.25, 557.6666666666666, 1575.25, 1514.75, 1495.25
0.9199999999999999,8, 578.25, 1603.75, 0.09125, 664.0, 565.625, 575.5, 1690.75, 1506.125, 1503.25
0.03568369968598344,3, 611.0, 1451.6666666666667, 0.1366666666666667, 615.6666666666666, 599.6666666666666, 613.6666666666666, 1485.0, 1363.0, 1403.3333333333333
0.047573739295908656,7, 632.2857142857143, 1438.142857142857, 0.07285714285714286, 667.1428571428571, 628.0, 622.1428571428571, 1469.857142857143, 1415.7142857142858, 1403.5714285714287
0.5714285714285714,2, 582.0, 1412.0, 0.129, 570.0, 600.0, 559.0, 1422.0, 1426.5, 1489.5
0.4699356283782079,1, 608.0, 1380.0, 0.12, 615.0, 584.0, 571.0, 1379.0, 1411.0, 1515.0
0.25,1, 641.0, 1945.0, 0.08, 655.0, 666.0, 662.0, 2156.0, 1637.0, 1393.0
0.4888888888888889,15, 598.9333333333333, 1527.0, 0.12513333333333335, 600.4666666666667, 599.5333333333333, 595.6666666666666, 1544.7333333333333, 1491.8, 1510.4
0.11457431215500621,1, 542.0, 1328.0, 0.13, 544.0, 538.0, 505.0, 1353.0, 1312.0, 1339.0
0.5232058376276886,10, 603.2, 1354.2, 0.13269999999999998, 633.1, 577.7, 544.5, 1406.8, 1313.6, 1388.1
0.004,4, 617.0, 1596.25, 0.12275, 616.25, 626.5, 603.25, 1652.25, 1576.25, 1542.25
0.8583333333333334,2, 664.5, 1390.5, 0.1255, 652.0, 683.0, 630.0, 1398.5, 1380.5, 1366.5
0.7924477861944679,2, 648.5, 1639.0, 0.08, 676.0, 656.5, 647.5, 1670.0, 1606.5, 1539.5
0.029940119760479042,1, 754.0, 1345.0, 0.13, 728.0, 781.0, 653.0, 1325.0, 1431.0, 1558.0
0.0664819944598338,12, 613.8333333333334, 1475.75, 0.05975000000000002, 622.8333333333334, 619.3333333333334, 628.5833333333334, 1522.6666666666667, 1447.5833333333333, 1450.0833333333333
0.9768518518518519,1, 671.0, 1393.0, 0.04, 672.0, 664.0, 655.0, 1395.0, 1397.0, 1410.0
0.34014806386840046,4, 577.75, 1412.25, 0.11274999999999999, 634.0, 575.0, 559.75, 1540.75, 1387.75, 1477.5
0.21055693545331977,1, 662.0, 1450.0, 0.159, 646.0, 659.0, 629.0, 1461.0, 1308.0, 1272.0
0.09732706075762634,1, 638.0, 1464.0, 0.129, 640.0, 605.0, 585.0, 1431.0, 1710.0, 1808.0
0.8166666666666667,1, 636.0, 1231.0, 0.171, 636.0, 641.0, 659.0, 1242.0, 1194.0, 1204.0
0.3975563909774436,1, 643.0, 1631.0, 0.15, 642.0, 618.0, 583.0, 1639.0, 1608.0, 1657.0
0.21524064171122995,1, 598.0, 1259.0, 0.16, 600.0, 553.0, 514.0, 1267.0, 1265.0, 1358.0
0.08950545727963642,13, 635.2307692307693, 1635.7692307692307, 0.05515384615384615, 666.6923076923077, 623.3846153846154, 619.2307692307693, 1682.7692307692307, 1604.8461538461538, 1594.3846153846155
0.9,14, 632.7857142857143, 1381.5714285714287, 0.1120714285714286, 636.2142857142857, 613.0, 598.6428571428571, 1403.7142857142858, 1336.2142857142858, 1387.142857142857
0.14556962025316456,4, 676.75, 1297.75, 0.16999999999999998, 675.25, 632.75, 599.5, 1304.0, 1295.5, 1363.25
0.06573290878638645,3, 643.3333333333334, 1398.3333333333333, 0.07300000000000001, 713.3333333333334, 646.3333333333334, 633.3333333333334, 1491.0, 1408.0, 1447.0
0.03540179922937689,1, 583.0, 1377.0, 0.08, 548.0, 599.0, 595.0, 1433.0, 1303.0, 1199.0
0.2582808742897702,4, 589.75, 1448.75, 0.09774999999999999, 588.5, 597.5, 604.25, 1447.25, 1432.5, 1449.75
0.08250825082508251,1, 622.0, 1335.0, 0.131, 608.0, 625.0, 629.0, 1385.0, 1215.0, 1232.0
0.1721311475409836,1, 611.0, 1619.0, 0.071, 654.0, 576.0, 727.0, 1653.0, 1543.0, 1431.0
0.01737228245385574,5, 633.8, 1403.4, 0.07220000000000001, 642.8, 627.0, 621.4, 1459.0, 1388.6, 1390.6
0.0662940654052643,1, 607.0, 1339.0, 0.121, 606.0, 651.0, 686.0, 1416.0, 1343.0, 1340.0
0.20978831347592225,3, 694.6666666666666, 1490.3333333333333, 0.09733333333333334, 697.3333333333334, 687.3333333333334, 680.3333333333334, 1495.6666666666667, 1438.0, 1492.6666666666667
0.09401709401709402,6, 626.0, 1398.0, 0.08466666666666667, 628.5, 631.8333333333334, 628.5, 1432.5, 1397.5, 1388.3333333333333
0.018518518518518517,1, 594.0, 1440.0, 0.129, 599.0, 574.0, 541.0, 1463.0, 1343.0, 1315.0
0.002472799208704253,2, 637.0, 1513.5, 0.065, 634.5, 648.0, 636.0, 1509.0, 1484.0, 1455.0
0.23226773226773229,1, 785.0, 1630.0, 0.06, 833.0, 604.0, 603.0, 1721.0, 1525.0, 1479.0
0.7004124065641378,7, 617.8571428571429, 1566.857142857143, 0.11285714285714285, 618.0, 620.5714285714286, 595.0, 1586.857142857143, 1550.857142857143, 1598.857142857143
0.5555555555555556,2, 540.0, 1379.5, 0.10550000000000001, 536.5, 571.5, 595.0, 1380.0, 1405.5, 1433.5
0.7252567693744165,7, 587.0, 1465.4285714285713, 0.09671428571428574, 620.8571428571429, 591.0, 624.1428571428571, 1529.857142857143, 1476.0, 1530.142857142857
0.003323262839879154,1, 666.0, 1482.0, 0.069, 618.0, 703.0, 777.0, 1645.0, 1393.0, 1367.0
0.0847457627118644,3, 588.3333333333334, 1378.3333333333333, 0.15366666666666665, 584.0, 611.0, 634.3333333333334, 1373.6666666666667, 1333.3333333333333, 1376.0
0.30319148936170215,2, 671.5, 1563.5, 0.1005, 662.0, 665.0, 644.5, 1580.0, 1517.5, 1530.5
0.8333333333333333,6, 616.6666666666666, 1526.6666666666667, 0.105, 609.0, 622.1666666666666, 618.8333333333334, 1537.6666666666667, 1549.1666666666667, 1570.0
0.037286724927174365,3, 665.0, 1288.6666666666667, 0.11, 648.0, 705.6666666666666, 714.3333333333334, 1298.0, 1249.6666666666667, 1251.3333333333333
0.5286233530213539,8, 641.75, 1454.375, 0.13487499999999997, 640.125, 630.75, 596.0, 1484.375, 1470.5, 1496.625
0.935483870967742,1, 695.0, 1537.0, 0.091, 686.0, 721.0, 692.0, 1559.0, 1469.0, 1465.0
0.0054466230936819175,1, 593.0, 1500.0, 0.101, 599.0, 590.0, 572.0, 1558.0, 1404.0, 1365.0
0.6976981351981353,4, 598.0, 1522.25, 0.09999999999999999, 600.25, 604.75, 594.75, 1568.25, 1455.5, 1425.25
0.016722408026755852,1, 679.0, 1632.0, 0.08, 682.0, 674.0, 632.0, 1639.0, 1630.0, 1654.0
0.007246376811594203,14, 636.5, 1354.642857142857, 0.06292857142857143, 637.8571428571429, 634.0714285714286, 624.0714285714286, 1358.0, 1384.357142857143, 1439.642857142857
0.41485001407712074,2, 661.0, 1425.5, 0.03, 661.0, 669.5, 679.5, 1425.5, 1428.0, 1432.5
0.03986826139712255,6, 595.5, 1385.6666666666667, 0.11, 591.8333333333334, 631.1666666666666, 659.1666666666666, 1431.1666666666667, 1274.5, 1232.3333333333333
0.45454545454545453,4, 598.25, 1538.25, 0.07750000000000001, 591.25, 608.5, 598.5, 1530.5, 1550.75, 1563.25
0.06119523026890933,1, 585.0, 1437.0, 0.131, 593.0, 575.0, 538.0, 1469.0, 1470.0, 1520.0
0.9915014164305949,3, 569.3333333333334, 1432.3333333333333, 0.12, 564.3333333333334, 596.6666666666666, 578.0, 1452.6666666666667, 1374.0, 1347.0
