0.0,2, 628.0, 1573.0, 0.040499999999999994, 630.0, 621.0, 608.5, 1583.5, 1564.0, 1561.5
0.26754289597142034,106, 592.6792452830189, 1656.2264150943397, 0.03314150943396223, 593.3584905660377, 597.6603773584906, 625.4245283018868, 1658.4150943396226, 1684.8962264150944, 1739.7735849056603
1.0,11, 570.3636363636364, 1703.6363636363637, 0.030909090909090917, 570.5454545454545, 567.1818181818181, 567.1818181818181, 1702.7272727272727, 1722.0, 1735.090909090909
0.28797816531883524,84, 572.9642857142857, 1729.845238095238, 0.0375238095238095, 584.5357142857143, 598.2857142857143, 620.0714285714286, 1767.8333333333333, 1786.8095238095239, 1816.1309523809523
0.02082912411450186,11, 576.1818181818181, 1629.2727272727273, 0.04627272727272727, 577.3636363636364, 571.2727272727273, 573.2727272727273, 1634.1818181818182, 1656.4545454545455, 1660.6363636363637
0.4304347826086956,8, 604.875, 1655.125, 0.032375, 605.125, 604.375, 607.375, 1654.875, 1667.75, 1683.5
0.07261164901661495,10, 598.3, 1601.5, 0.0431, 614.1, 641.2, 674.6, 1632.6, 1668.8, 1697.8
0.989451476793249,29, 590.6896551724138, 1629.4137931034484, 0.02993103448275864, 601.5172413793103, 602.2758620689655, 608.7241379310345, 1645.7586206896551, 1656.4827586206898, 1671.4827586206898
0.320503682584937,1, 593.0, 1511.0, 0.03, 593.0, 590.0, 588.0, 1511.0, 1542.0, 1573.0
0.20833333333333334,14, 569.0714285714286, 1722.4285714285713, 0.03214285714285715, 642.5714285714286, 649.3571428571429, 657.2857142857143, 1811.2142857142858, 1826.5714285714287, 1835.142857142857
0.3333333333333333,1, 549.0, 1806.0, 0.04, 746.0, 1393.0, 2203.0, 2266.0, 2552.0, 3046.0
0.11904761904761904,33, 619.9090909090909, 1605.121212121212, 0.032454545454545465, 621.8181818181819, 638.5454545454545, 666.4848484848485, 1610.8484848484848, 1643.030303030303, 1694.0
0.23226773226773229,29, 618.4137931034483, 1599.551724137931, 0.033655172413793115, 618.1379310344828, 625.4137931034483, 639.8965517241379, 1599.655172413793, 1594.7241379310344, 1592.0689655172414
0.5145823094171409,2, 622.5, 1613.0, 0.0505, 627.0, 616.5, 605.0, 1611.5, 1630.0, 1664.0
0.4473684210526316,16, 613.9375, 1585.5625, 0.035187500000000003, 614.6875, 622.125, 648.0, 1583.0625, 1605.0, 1612.75
0.8685759145912924,18, 646.5555555555555, 1636.3333333333333, 0.03272222222222223, 648.6111111111111, 664.0, 737.2222222222222, 1635.7777777777778, 1674.3333333333333, 1799.0
0.5,1, 659.0, 1543.0, 0.03, 659.0, 664.0, 680.0, 1543.0, 1595.0, 1674.0
0.9056603773584906,88, 610.5681818181819, 1601.3181818181818, 0.031465909090909065, 616.8863636363636, 626.3181818181819, 654.8068181818181, 1613.8068181818182, 1643.5454545454545, 1690.0227272727273
0.39601850516956444,25, 561.84, 1730.64, 0.03720000000000002, 566.0, 565.4, 630.32, 1748.44, 1789.4, 1935.56
0.3858168631654727,26, 572.3846153846154, 1601.5384615384614, 0.03461538461538463, 573.2692307692307, 584.1923076923077, 607.9230769230769, 1607.3846153846155, 1657.5384615384614, 1740.423076923077
0.9324324324324325,33, 613.7575757575758, 1643.5454545454545, 0.032696969696969704, 613.8484848484849, 616.6363636363636, 630.3939393939394, 1643.060606060606, 1652.3939393939395, 1676.3030303030303
0.3638457203316736,24, 578.5833333333334, 1608.2083333333333, 0.03587500000000001, 578.125, 595.5833333333334, 639.75, 1614.2916666666667, 1671.9166666666667, 1772.9583333333333
0.43993552669005404,27, 608.5555555555555, 1618.2222222222222, 0.032074074074074095, 608.4074074074074, 614.5925925925926, 647.925925925926, 1617.2592592592594, 1620.0740740740741, 1657.9259259259259
0.9901960784313726,8, 579.625, 1639.25, 0.03125, 594.75, 611.75, 638.75, 1706.75, 1738.875, 1783.5
0.20978831347592225,14, 591.5714285714286, 1467.2142857142858, 0.030714285714285725, 591.6428571428571, 595.2857142857143, 624.3571428571429, 1466.857142857143, 1490.9285714285713, 1535.2857142857142
0.01825117263784198,1, 603.0, 1772.0, 0.04, 604.0, 599.0, 601.0, 1779.0, 1742.0, 1796.0
0.3169086541174173,12, 584.3333333333334, 1704.1666666666667, 0.03241666666666667, 681.75, 706.0, 742.1666666666666, 1819.25, 1851.3333333333333, 1887.0833333333333
0.25,17, 556.2941176470588, 1748.3529411764705, 0.03211764705882354, 561.1176470588235, 581.8823529411765, 627.1176470588235, 1835.8235294117646, 1927.5294117647059, 2025.9411764705883
0.4888888888888889,26, 602.7692307692307, 1669.423076923077, 0.03642307692307693, 602.6538461538462, 601.3846153846154, 600.4230769230769, 1666.8846153846155, 1687.8076923076924, 1707.8461538461538
0.5232058376276886,5, 633.2, 1658.2, 0.033800000000000004, 632.2, 645.4, 673.0, 1656.6, 1672.2, 1677.4
0.24169246646026832,1, 541.0, 1656.0, 0.03, 541.0, 536.0, 526.0, 1656.0, 1685.0, 1713.0
0.8189551750463518,8, 604.375, 1653.75, 0.037125000000000005, 610.5, 611.625, 690.75, 1658.875, 1684.0, 1833.25
0.8583333333333334,6, 563.6666666666666, 1881.8333333333333, 0.03666666666666667, 564.3333333333334, 560.0, 553.8333333333334, 1876.8333333333333, 1903.3333333333333, 1934.5
0.7924477861944679,8, 593.375, 1656.625, 0.037750000000000006, 625.625, 678.375, 866.0, 1680.0, 1775.75, 1915.75
0.851063829787234,4, 697.25, 1434.0, 0.037, 701.5, 675.0, 648.25, 1436.75, 1439.25, 1445.75
0.6047008547008548,18, 599.6111111111111, 1693.0, 0.03294444444444446, 605.5, 616.8333333333334, 642.6111111111111, 1712.111111111111, 1743.0, 1777.2222222222222
0.21055693545331977,6, 627.3333333333334, 1526.6666666666667, 0.03666666666666667, 635.0, 629.0, 666.8333333333334, 1525.8333333333333, 1561.1666666666667, 1622.0
0.09732706075762634,15, 621.8666666666667, 1684.1333333333334, 0.03053333333333334, 622.0, 648.8, 680.3333333333334, 1683.6, 1730.3333333333333, 1784.1333333333334
0.08950545727963642,5, 601.8, 1678.0, 0.0342, 602.6, 621.4, 650.8, 1677.0, 1720.2, 1747.4
0.06573290878638645,24, 593.3333333333334, 1680.3333333333333, 0.033083333333333347, 653.7916666666666, 675.25, 726.0833333333334, 1730.9166666666667, 1788.0416666666667, 1892.9583333333333
0.9768518518518519,1, 560.0, 1463.0, 0.031, 560.0, 552.0, 546.0, 1462.0, 1493.0, 1518.0
0.9,42, 598.1428571428571, 1648.142857142857, 0.03480952380952381, 598.952380952381, 605.5714285714286, 629.3333333333334, 1651.952380952381, 1666.952380952381, 1705.7142857142858
0.2582808742897702,2, 621.5, 1431.5, 0.035500000000000004, 621.5, 687.5, 782.0, 1424.5, 1572.5, 1704.0
0.08250825082508251,9, 598.1111111111111, 1795.7777777777778, 0.03666666666666666, 597.2222222222222, 638.2222222222222, 731.8888888888889, 1792.7777777777778, 1848.0, 1956.2222222222222
0.1721311475409836,6, 672.6666666666666, 1537.8333333333333, 0.030166666666666665, 673.6666666666666, 659.8333333333334, 636.8333333333334, 1540.0, 1550.3333333333333, 1550.8333333333333
0.01737228245385574,22, 592.0, 1644.590909090909, 0.03172727272727274, 592.3181818181819, 610.0909090909091, 656.0, 1642.0, 1695.2272727272727, 1771.909090909091
0.3975563909774436,23, 560.695652173913, 1776.5652173913043, 0.042608695652173935, 561.7826086956521, 561.8260869565217, 561.4782608695652, 1781.5652173913043, 1791.2608695652175, 1801.1304347826087
0.018518518518518517,6, 574.1666666666666, 1639.0, 0.03183333333333333, 574.0, 581.0, 620.0, 1637.3333333333333, 1656.1666666666667, 1683.3333333333333
0.9199999999999999,2, 663.0, 1496.5, 0.03, 663.0, 660.5, 660.0, 1496.5, 1483.5, 1470.0
0.7004124065641378,4, 635.75, 1655.0, 0.03225, 635.5, 640.0, 652.0, 1656.25, 1635.25, 1615.5
0.5591230662924629,7, 600.1428571428571, 1641.0, 0.037, 600.4285714285714, 621.2857142857143, 639.1428571428571, 1631.7142857142858, 1692.142857142857, 1727.857142857143
0.002472799208704253,21, 592.0952380952381, 1485.142857142857, 0.03242857142857144, 592.047619047619, 602.7619047619048, 629.4761904761905, 1484.095238095238, 1509.952380952381, 1536.4761904761904
0.0847457627118644,5, 581.2, 1661.2, 0.03, 581.2, 573.2, 590.6, 1661.2, 1668.8, 1698.6
0.9090909090909091,1, 535.0, 1210.0, 0.03, 535.0, 526.0, 510.0, 1210.0, 1207.0, 1210.0
0.4949186991869919,2, 572.5, 1465.0, 0.0305, 572.5, 567.5, 564.0, 1465.0, 1464.5, 1465.0
0.8914565826330532,7, 571.1428571428571, 1708.5714285714287, 0.04028571428571429, 566.0, 577.7142857142857, 637.4285714285714, 1694.5714285714287, 1714.5714285714287, 1886.0
0.8333333333333333,1, 587.0, 1510.0, 0.04, 588.0, 591.0, 616.0, 1506.0, 1561.0, 1620.0
0.037286724927174365,14, 651.3571428571429, 1539.5714285714287, 0.03600000000000001, 652.7142857142857, 653.0714285714286, 655.2142857142857, 1532.642857142857, 1574.4285714285713, 1596.9285714285713
0.5714285714285714,8, 577.375, 1648.5, 0.03125, 577.75, 581.125, 585.5, 1647.5, 1662.625, 1680.125
0.935483870967742,14, 625.6428571428571, 1640.0714285714287, 0.03050000000000001, 625.7142857142857, 626.2142857142857, 629.0714285714286, 1639.5714285714287, 1656.5714285714287, 1676.0714285714287
0.0054466230936819175,5, 588.6, 1561.8, 0.03, 588.6, 605.4, 637.4, 1561.6, 1565.4, 1578.4
0.6976981351981353,6, 574.5, 1558.1666666666667, 0.0335, 671.6666666666666, 665.3333333333334, 670.8333333333334, 1804.5, 1830.0, 1865.1666666666667
0.875,12, 575.9166666666666, 1740.0833333333333, 0.03816666666666667, 576.8333333333334, 587.0, 646.4166666666666, 1742.5833333333333, 1758.8333333333333, 1813.75
0.007246376811594203,11, 579.8181818181819, 1581.1818181818182, 0.030000000000000006, 579.8181818181819, 573.7272727272727, 567.3636363636364, 1581.1818181818182, 1598.909090909091, 1613.8181818181818
0.41485001407712074,1, 570.0, 1524.0, 0.04, 570.0, 565.0, 572.0, 1517.0, 1573.0, 1653.0
0.06119523026890933,11, 585.9090909090909, 1644.090909090909, 0.031000000000000007, 588.2727272727273, 593.0909090909091, 619.8181818181819, 1657.090909090909, 1658.0, 1670.4545454545455
0.2583779621670076,1, 591.0, 1606.0, 0.04, 591.0, 586.0, 584.0, 1606.0, 1605.0, 1587.0
