0.0,1, 520.0, 1950.0, 0.07, 496.0, 467.0, 464.0, 1952.0, 1890.0, 1824.0
1.0,2, 566.5, 1685.0, 0.045, 566.5, 471.0, 466.0, 1685.0, 1800.5, 1938.5
0.28797816531883524,36, 533.6666666666666, 1913.5, 0.0822777777777778, 522.1666666666666, 514.0, 496.5, 1890.1944444444443, 1803.5, 1787.25
0.3333333333333333,2, 524.0, 1808.0, 0.0745, 485.5, 498.5, 511.5, 1753.5, 1749.5, 1811.5
0.989451476793249,3, 501.6666666666667, 1925.3333333333333, 0.07666666666666667, 514.3333333333334, 517.6666666666666, 504.3333333333333, 1935.6666666666667, 1923.6666666666667, 1843.3333333333333
0.320503682584937,1, 553.0, 1697.0, 0.08, 838.0, 499.0, 507.0, 2115.0, 1615.0, 1647.0
0.4827586206896552,1, 545.0, 2040.0, 0.1, 552.0, 506.0, 474.0, 1967.0, 1874.0, 1848.0
0.11904761904761904,10, 506.2, 1904.5, 0.069, 492.0, 482.1, 480.5, 1892.2, 1854.9, 1843.2
0.26754289597142034,19, 542.7894736842105, 1690.7894736842106, 0.10142105263157897, 511.2105263157895, 496.10526315789474, 479.89473684210526, 1648.842105263158, 1539.578947368421, 1528.421052631579
0.9056603773584906,7, 569.1428571428571, 2040.0, 0.07428571428571429, 501.7142857142857, 478.14285714285717, 484.14285714285717, 1992.142857142857, 1908.4285714285713, 1899.857142857143
0.4473684210526316,2, 561.0, 2063.0, 0.059500000000000004, 548.5, 493.0, 466.0, 2056.0, 1908.5, 1688.5
0.9558498896247241,5, 551.4, 1894.4, 0.1102, 507.4, 504.8, 479.0, 1855.4, 1803.6, 1801.2
0.9,3, 580.3333333333334, 2091.6666666666665, 0.08633333333333333, 407.6666666666667, 396.3333333333333, 403.0, 2101.0, 1992.3333333333333, 1971.0
0.5714285714285714,1, 551.0, 1913.0, 0.129, 464.0, 439.0, 431.0, 1935.0, 1886.0, 1878.0
0.11457431215500621,3, 620.3333333333334, 1911.3333333333333, 0.09633333333333334, 469.6666666666667, 461.6666666666667, 414.3333333333333, 1885.6666666666667, 1842.0, 1623.6666666666667
0.4304347826086956,1, 470.0, 1738.0, 0.1, 439.0, 419.0, 404.0, 1696.0, 1602.0, 1696.0
0.029940119760479042,1, 420.0, 2554.0, 0.06, 418.0, 404.0, 396.0, 2547.0, 2475.0, 2404.0
0.047573739295908656,3, 519.3333333333334, 1929.0, 0.07633333333333334, 449.0, 446.0, 437.3333333333333, 1896.0, 1831.3333333333333, 1785.3333333333333
0.09613819705639245,3, 535.6666666666666, 1759.0, 0.06366666666666666, 502.0, 487.6666666666667, 468.3333333333333, 1737.6666666666667, 1691.6666666666667, 1643.0
0.6047008547008548,1, 756.0, 1767.0, 0.071, 1325.0, 456.0, 465.0, 2390.0, 2360.0, 2248.0
0.16366612111292964,1, 475.0, 1852.0, 0.11, 482.0, 492.0, 494.0, 1677.0, 1480.0, 1546.0
0.09732706075762634,1, 464.0, 2026.0, 0.049, 464.0, 434.0, 418.0, 2026.0, 1957.0, 2012.0
0.39601850516956444,2, 468.0, 1985.5, 0.0995, 454.0, 457.5, 472.5, 1914.0, 1873.5, 1885.0
0.9901960784313726,22, 507.54545454545456, 1694.1363636363637, 0.09299999999999999, 487.8636363636364, 502.8636363636364, 502.1363636363636, 1646.9545454545455, 1572.8636363636363, 1559.7727272727273
0.3975563909774436,3, 543.0, 1814.3333333333333, 0.11366666666666665, 535.0, 491.3333333333333, 483.0, 1806.0, 1566.3333333333333, 1521.3333333333333
0.08950545727963642,3, 479.3333333333333, 1623.6666666666667, 0.07333333333333333, 465.6666666666667, 472.3333333333333, 469.6666666666667, 1634.6666666666667, 1614.6666666666667, 1559.3333333333333
0.853299856527977,2, 509.0, 2006.5, 0.0845, 491.5, 483.5, 473.5, 2013.5, 1920.5, 1720.5
0.0662940654052643,3, 551.6666666666666, 1844.0, 0.08333333333333333, 522.3333333333334, 533.0, 506.3333333333333, 1813.6666666666667, 1923.6666666666667, 1919.6666666666667
0.20978831347592225,1, 825.0, 2023.0, 0.09, 465.0, 442.0, 465.0, 1905.0, 1675.0, 1644.0
0.09401709401709402,4, 509.0, 2010.0, 0.065, 507.5, 508.5, 510.25, 2026.75, 1997.0, 1984.75
0.7252567693744165,3, 548.6666666666666, 1915.3333333333333, 0.07966666666666666, 487.6666666666667, 517.3333333333334, 500.6666666666667, 1835.3333333333333, 1862.6666666666667, 1903.3333333333333
0.30319148936170215,1, 524.0, 2098.0, 0.109, 507.0, 484.0, 473.0, 2155.0, 2125.0, 2065.0
0.8685759145912924,2, 545.5, 1691.0, 0.1195, 503.0, 486.5, 461.0, 1603.0, 1394.5, 1390.5
0.4888888888888889,2, 485.5, 2000.5, 0.0945, 480.0, 459.0, 453.0, 2035.5, 2005.0, 2051.0
0.0054466230936819175,1, 614.0, 2018.0, 0.099, 483.0, 439.0, 447.0, 1911.0, 1911.0, 1890.0
0.875,2, 533.5, 1902.0, 0.08399999999999999, 492.0, 483.0, 486.0, 1856.0, 1890.0, 1776.0
0.3638457203316736,6, 463.3333333333333, 1789.0, 0.08500000000000002, 465.1666666666667, 479.3333333333333, 469.6666666666667, 1756.8333333333333, 1634.3333333333333, 1705.0
