0.0,1, 493.0, 1677.0, 0.03, 493.0, 493.0, 491.0, 1677.0, 1650.0, 1622.0
1.0,2, 540.5, 1752.0, 0.03, 540.5, 514.0, 494.5, 1752.0, 1660.0, 1578.0
0.28797816531883524,36, 566.0, 1881.5277777777778, 0.03011111111111113, 605.3611111111111, 588.8333333333334, 574.8055555555555, 1977.6666666666667, 1948.9722222222222, 1926.6666666666667
0.3333333333333333,2, 583.0, 1802.0, 0.03, 583.0, 583.5, 584.0, 1802.0, 1787.0, 1770.5
0.989451476793249,3, 581.3333333333334, 1663.3333333333333, 0.03366666666666667, 581.6666666666666, 583.0, 585.3333333333334, 1664.0, 1649.3333333333333, 1640.0
0.320503682584937,1, 444.0, 1842.0, 0.03, 445.0, 439.0, 433.0, 1842.0, 1832.0, 1831.0
0.4827586206896552,1, 600.0, 1811.0, 0.04, 588.0, 661.0, 637.0, 1808.0, 1823.0, 1778.0
0.11904761904761904,10, 620.1, 1987.2, 0.033100000000000004, 613.9, 616.7, 615.2, 2001.7, 2011.9, 2021.9
0.26754289597142034,19, 714.1052631578947, 1871.1052631578948, 0.03526315789473685, 712.7368421052631, 697.1578947368421, 664.6315789473684, 1871.7894736842106, 1863.5263157894738, 1855.5263157894738
0.9056603773584906,7, 572.5714285714286, 1747.4285714285713, 0.03142857142857143, 588.7142857142857, 573.5714285714286, 575.5714285714286, 1783.4285714285713, 1729.2857142857142, 1654.7142857142858
0.4473684210526316,2, 599.5, 1721.5, 0.035, 597.5, 607.0, 609.5, 1722.5, 1706.5, 1682.0
0.9558498896247241,5, 535.4, 1802.8, 0.04, 535.2, 534.0, 537.8, 1810.4, 1764.2, 1723.2
0.9,3, 532.3333333333334, 1917.6666666666667, 0.03333333333333333, 531.3333333333334, 533.3333333333334, 527.0, 1918.6666666666667, 1911.0, 1908.3333333333333
0.5714285714285714,1, 465.0, 1874.0, 0.031, 897.0, 1095.0, 1122.0, 2539.0, 2554.0, 2602.0
0.11457431215500621,3, 568.0, 1581.6666666666667, 0.043333333333333335, 566.6666666666666, 585.3333333333334, 594.0, 1591.3333333333333, 1552.3333333333333, 1540.0
0.4304347826086956,1, 591.0, 1786.0, 0.031, 591.0, 587.0, 583.0, 1786.0, 1716.0, 1637.0
0.029940119760479042,1, 447.0, 1683.0, 0.029, 447.0, 442.0, 436.0, 1683.0, 1671.0, 1656.0
0.047573739295908656,3, 585.0, 1889.3333333333333, 0.03366666666666667, 585.0, 580.3333333333334, 571.0, 1891.0, 1880.0, 1853.0
0.09613819705639245,3, 643.6666666666666, 1743.3333333333333, 0.03, 643.6666666666666, 662.3333333333334, 694.3333333333334, 1743.3333333333333, 1738.6666666666667, 1747.0
0.6047008547008548,1, 542.0, 1763.0, 0.031, 542.0, 540.0, 537.0, 1763.0, 1716.0, 1669.0
0.16366612111292964,1, 584.0, 1864.0, 0.039, 584.0, 577.0, 556.0, 1862.0, 1878.0, 1876.0
0.09732706075762634,1, 428.0, 2059.0, 0.03, 428.0, 420.0, 412.0, 2059.0, 2029.0, 1965.0
0.39601850516956444,2, 608.0, 1778.5, 0.0295, 608.0, 603.5, 596.5, 1778.5, 1767.5, 1757.0
0.9901960784313726,22, 630.6363636363636, 1616.7727272727273, 0.04331818181818183, 635.9090909090909, 635.7727272727273, 649.2272727272727, 1686.0, 1656.409090909091, 1646.2272727272727
0.3975563909774436,3, 510.3333333333333, 1967.3333333333333, 0.033, 512.3333333333334, 511.0, 509.6666666666667, 2045.3333333333333, 2004.6666666666667, 1983.6666666666667
0.08950545727963642,3, 990.0, 1880.3333333333333, 0.03, 990.0, 906.3333333333334, 833.0, 1880.3333333333333, 1810.0, 1763.6666666666667
0.853299856527977,2, 534.5, 1995.5, 0.0345, 534.0, 530.0, 521.5, 2011.0, 1920.5, 1899.5
0.0662940654052643,3, 445.6666666666667, 1666.3333333333333, 0.03366666666666667, 600.0, 522.3333333333334, 444.0, 1882.0, 1804.6666666666667, 1759.0
0.20978831347592225,1, 569.0, 1755.0, 0.029, 570.0, 563.0, 555.0, 1755.0, 1746.0, 1740.0
0.09401709401709402,4, 583.25, 1682.0, 0.037250000000000005, 622.75, 519.25, 522.5, 1735.0, 1590.5, 1532.5
0.7252567693744165,3, 557.6666666666666, 1721.0, 0.029666666666666664, 569.0, 565.0, 556.0, 1781.3333333333333, 1765.0, 1739.3333333333333
0.30319148936170215,1, 510.0, 1889.0, 0.029, 510.0, 504.0, 499.0, 1889.0, 1884.0, 1885.0
0.8685759145912924,2, 588.0, 1777.0, 0.035, 586.5, 596.0, 590.5, 1777.0, 1794.0, 1798.0
0.4888888888888889,2, 475.0, 1814.5, 0.035, 475.5, 470.0, 458.5, 1812.5, 1795.0, 1787.0
0.0054466230936819175,1, 545.0, 1726.0, 0.029, 545.0, 542.0, 540.0, 1726.0, 1721.0, 1720.0
0.875,2, 524.0, 1857.5, 0.03, 530.5, 566.0, 635.0, 2010.5, 2054.5, 2071.0
0.3638457203316736,6, 559.1666666666666, 1700.6666666666667, 0.03, 564.6666666666666, 562.0, 558.3333333333334, 1735.3333333333333, 1717.3333333333333, 1702.3333333333333
