0.0,1, 719.0, 1382.0, 0.05, 766.0, 594.0, 543.0, 1429.0, 1344.0, 1377.0
0.26754289597142034,71, 622.5352112676056, 1346.3521126760563, 0.060521126760563364, 622.6197183098592, 620.0281690140845, 615.9718309859155, 1334.6478873239437, 1376.1549295774648, 1434.225352112676
0.28797816531883524,96, 634.40625, 1349.875, 0.044708333333333294, 640.625, 639.5833333333334, 647.4166666666666, 1349.3229166666667, 1383.6666666666667, 1428.375
1.0,2, 544.5, 1226.0, 0.1005, 557.5, 542.0, 546.5, 1245.0, 1257.5, 1489.0
0.07261164901661495,2, 671.0, 1484.5, 0.03, 671.0, 656.0, 651.5, 1484.5, 1464.5, 1452.0
0.16129032258064516,1, 637.0, 1656.0, 0.03, 637.0, 640.0, 643.0, 1656.0, 1631.0, 1592.0
0.20833333333333334,1, 725.0, 1311.0, 0.05, 705.0, 751.0, 779.0, 1271.0, 1342.0, 1146.0
0.11904761904761904,2, 668.5, 1252.5, 0.05, 677.5, 675.0, 714.5, 1218.5, 1339.0, 1506.0
0.5145823094171409,1, 515.0, 1283.0, 0.06, 511.0, 514.0, 489.0, 1236.0, 1369.0, 1461.0
0.11518225545177777,1, 657.0, 1287.0, 0.04, 656.0, 667.0, 699.0, 1285.0, 1280.0, 1277.0
0.4473684210526316,8, 644.25, 1381.5, 0.05875, 652.625, 626.375, 635.125, 1340.875, 1456.375, 1531.125
0.1875,1, 632.0, 1237.0, 0.07, 606.0, 665.0, 674.0, 1273.0, 1281.0, 1368.0
0.8685759145912924,6, 685.6666666666666, 1580.8333333333333, 0.03816666666666667, 691.6666666666666, 665.6666666666666, 646.5, 1583.6666666666667, 1587.6666666666667, 1648.0
0.5,1, 600.0, 1784.0, 0.03, 600.0, 594.0, 589.0, 1784.0, 1767.0, 1753.0
0.39601850516956444,2, 575.5, 1226.0, 0.055, 626.5, 597.5, 582.5, 1389.5, 1424.5, 1461.0
0.3858168631654727,2, 671.0, 1340.0, 0.1305, 678.0, 652.5, 585.0, 1321.0, 1446.5, 1485.0
0.9324324324324325,4, 604.75, 1225.0, 0.08275, 603.0, 650.0, 724.5, 1205.25, 1292.0, 1427.0
0.037286724927174365,4, 648.75, 1298.5, 0.060250000000000005, 645.5, 646.5, 671.25, 1287.25, 1343.25, 1462.0
0.22993864229373032,1, 620.0, 1161.0, 0.03, 620.0, 614.0, 610.0, 1161.0, 1172.0, 1190.0
0.9901960784313726,1, 651.0, 1506.0, 0.05, 637.0, 686.0, 754.0, 1524.0, 1501.0, 1481.0
0.7529680365296804,1, 520.0, 1485.0, 0.04, 519.0, 512.0, 501.0, 1480.0, 1508.0, 1539.0
0.3638457203316736,1, 611.0, 1229.0, 0.049, 607.0, 622.0, 634.0, 1198.0, 1300.0, 1425.0
0.06097560975609756,2, 621.0, 1274.0, 0.0695, 638.5, 665.5, 658.0, 1313.5, 1380.5, 1551.5
0.20978831347592225,2, 621.0, 1534.5, 0.08499999999999999, 615.0, 636.0, 651.0, 1528.5, 1616.0, 1727.5
0.989451476793249,1, 587.0, 1291.0, 0.05, 594.0, 577.0, 542.0, 1332.0, 1236.0, 1169.0
0.9985696771557009,2, 653.0, 1294.0, 0.055499999999999994, 646.0, 679.0, 744.5, 1279.5, 1368.0, 1495.0
0.01825117263784198,1, 679.0, 1387.0, 0.039, 678.0, 688.0, 688.0, 1386.0, 1409.0, 1422.0
0.16866374487131666,1, 654.0, 1430.0, 0.04, 648.0, 695.0, 703.0, 1431.0, 1436.0, 1429.0
0.5714285714285714,1, 582.0, 1777.0, 0.03, 582.0, 586.0, 590.0, 1777.0, 1741.0, 1707.0
0.3169086541174173,1, 765.0, 1198.0, 0.029, 765.0, 752.0, 741.0, 1198.0, 1213.0, 1231.0
0.25,4, 641.25, 1553.0, 0.035, 650.25, 583.25, 573.0, 1581.0, 1344.0, 1320.75
0.4888888888888889,5, 620.8, 1523.2, 0.0802, 618.0, 583.2, 581.4, 1494.2, 1560.6, 1609.2
0.5232058376276886,1, 670.0, 1229.0, 0.049, 676.0, 696.0, 803.0, 1216.0, 1300.0, 1451.0
0.8189551750463518,2, 830.0, 1705.0, 0.03, 830.0, 763.5, 700.0, 1705.0, 1701.5, 1678.5
0.029940119760479042,3, 608.6666666666666, 1668.6666666666667, 0.03, 608.6666666666666, 604.6666666666666, 602.3333333333334, 1668.3333333333333, 1650.0, 1633.6666666666667
0.047573739295908656,1, 750.0, 1347.0, 0.06, 779.0, 739.0, 769.0, 1289.0, 1481.0, 1525.0
0.03540179922937689,1, 566.0, 1157.0, 0.049, 567.0, 572.0, 566.0, 1171.0, 1147.0, 1183.0
0.6047008547008548,3, 649.0, 1300.3333333333333, 0.05333333333333334, 642.6666666666666, 662.6666666666666, 660.3333333333334, 1327.0, 1299.6666666666667, 1400.3333333333333
0.9,5, 646.8, 1428.8, 0.054000000000000006, 648.8, 647.6, 646.0, 1427.0, 1475.2, 1567.0
0.4304347826086956,1, 652.0, 1529.0, 0.08, 659.0, 631.0, 619.0, 1523.0, 1515.0, 1562.0
0.09732706075762634,1, 683.0, 1601.0, 0.06, 702.0, 622.0, 602.0, 1566.0, 1734.0, 1871.0
0.21524064171122995,1, 540.0, 1362.0, 0.06, 544.0, 518.0, 479.0, 1347.0, 1430.0, 1565.0
0.06573290878638645,1, 722.0, 1146.0, 0.07, 696.0, 756.0, 681.0, 1091.0, 1329.0, 1583.0
0.853299856527977,3, 596.6666666666666, 1280.3333333333333, 0.09033333333333333, 603.6666666666666, 575.6666666666666, 593.3333333333334, 1268.6666666666667, 1341.6666666666667, 1481.6666666666667
0.01737228245385574,2, 712.5, 1330.0, 0.045, 723.5, 710.5, 765.5, 1317.0, 1305.0, 1310.5
0.3975563909774436,1, 553.0, 1251.0, 0.04, 555.0, 545.0, 548.0, 1250.0, 1298.0, 1388.0
0.09401709401709402,3, 555.6666666666666, 1173.0, 0.06366666666666666, 561.6666666666666, 610.0, 653.3333333333334, 1232.3333333333333, 1224.0, 1374.6666666666667
0.018518518518518517,2, 642.5, 1406.0, 0.0745, 637.5, 648.5, 646.0, 1364.0, 1471.0, 1545.5
0.002472799208704253,3, 604.3333333333334, 1330.3333333333333, 0.05366666666666667, 652.6666666666666, 648.6666666666666, 630.6666666666666, 1384.6666666666667, 1422.6666666666667, 1459.3333333333333
0.7004124065641378,1, 583.0, 1411.0, 0.06, 578.0, 582.0, 586.0, 1386.0, 1456.0, 1521.0
0.08950545727963642,5, 576.2, 1428.8, 0.0502, 579.4, 567.4, 566.6, 1413.0, 1450.6, 1464.4
0.044642857142857144,2, 605.5, 1239.0, 0.05500000000000001, 598.0, 611.5, 611.0, 1238.5, 1281.0, 1374.0
0.5591230662924629,1, 687.0, 1405.0, 0.131, 684.0, 724.0, 643.0, 1377.0, 1518.0, 1621.0
0.003323262839879154,2, 718.0, 1580.5, 0.0345, 720.0, 701.0, 683.0, 1580.0, 1594.5, 1640.5
0.0847457627118644,1, 1331.0, 2206.0, 0.03, 1331.0, 1226.0, 1123.0, 2206.0, 2159.0, 2097.0
0.4949186991869919,3, 644.0, 1552.3333333333333, 0.17633333333333334, 652.0, 634.6666666666666, 628.6666666666666, 1548.3333333333333, 1582.6666666666667, 1591.3333333333333
0.8914565826330532,1, 630.0, 1551.0, 0.031, 630.0, 658.0, 693.0, 1551.0, 1520.0, 1534.0
0.0054466230936819175,2, 657.5, 1317.5, 0.07, 646.0, 663.5, 638.0, 1356.5, 1333.0, 1287.0
0.875,3, 588.6666666666666, 1412.6666666666667, 0.04699999999999999, 577.3333333333334, 588.3333333333334, 593.3333333333334, 1406.0, 1448.6666666666667, 1526.0
0.016722408026755852,1, 573.0, 1435.0, 0.051, 577.0, 547.0, 506.0, 1416.0, 1483.0, 1569.0
0.007246376811594203,1, 606.0, 1698.0, 0.031, 606.0, 603.0, 601.0, 1698.0, 1692.0, 1700.0
0.9056603773584906,2, 699.5, 1840.0, 0.04, 703.0, 691.5, 706.0, 1838.5, 1879.5, 1918.5
0.03986826139712255,1, 682.0, 1738.0, 0.03, 682.0, 671.0, 662.0, 1738.0, 1712.0, 1680.0
0.2583779621670076,2, 613.0, 1315.0, 0.05500000000000001, 609.0, 620.0, 624.5, 1284.5, 1397.5, 1501.5
0.051490514905149054,2, 610.5, 1297.5, 0.0445, 603.0, 614.0, 620.0, 1293.5, 1274.5, 1208.0
