0.0,1, 628.0, 1524.0, 0.05, 621.0, 608.0, 565.0, 1486.0, 1561.0, 1633.0
0.26754289597142034,71, 580.9859154929577, 1500.7464788732395, 0.032323943661971805, 588.3802816901408, 590.3661971830986, 593.0140845070423, 1522.1408450704225, 1527.4084507042253, 1537.9859154929577
0.28797816531883524,96, 644.1041666666666, 1542.4479166666667, 0.03536458333333328, 652.7916666666666, 642.15625, 636.4375, 1560.2083333333333, 1570.875, 1582.6041666666667
1.0,2, 556.5, 1677.5, 0.03, 556.5, 549.5, 542.0, 1677.5, 1695.0, 1706.0
0.07261164901661495,2, 669.5, 1397.0, 0.03, 669.5, 664.5, 654.5, 1397.0, 1384.5, 1364.5
0.16129032258064516,1, 723.0, 1650.0, 0.03, 723.0, 706.0, 680.0, 1650.0, 1646.0, 1649.0
0.20833333333333334,1, 767.0, 1699.0, 0.05, 775.0, 754.0, 690.0, 1658.0, 1769.0, 1784.0
0.11904761904761904,2, 666.5, 1663.5, 0.04, 678.0, 647.0, 633.0, 1654.5, 1682.0, 1686.0
0.5145823094171409,1, 477.0, 1521.0, 0.03, 477.0, 473.0, 470.0, 1521.0, 1553.0, 1586.0
0.11518225545177777,1, 758.0, 1386.0, 0.03, 758.0, 746.0, 727.0, 1386.0, 1400.0, 1409.0
0.4473684210526316,8, 643.875, 1585.375, 0.03375, 653.625, 646.75, 630.375, 1613.625, 1627.0, 1648.375
0.1875,1, 634.0, 1633.0, 0.03, 634.0, 624.0, 610.0, 1633.0, 1652.0, 1669.0
0.8685759145912924,6, 648.8333333333334, 1685.5, 0.050166666666666665, 650.8333333333334, 626.8333333333334, 580.3333333333334, 1687.5, 1662.6666666666667, 1603.5
0.5,1, 547.0, 1684.0, 0.029, 547.0, 544.0, 538.0, 1684.0, 1676.0, 1653.0
0.39601850516956444,2, 559.5, 1547.0, 0.0305, 559.5, 552.0, 538.5, 1547.0, 1539.0, 1521.0
0.3858168631654727,2, 658.0, 1509.5, 0.16499999999999998, 655.5, 696.5, 697.0, 1512.0, 1456.5, 1459.5
0.9324324324324325,4, 686.75, 1601.25, 0.0295, 686.75, 672.75, 656.5, 1601.25, 1597.75, 1595.0
0.037286724927174365,4, 676.5, 1631.25, 0.03025, 676.5, 661.75, 647.5, 1631.25, 1621.75, 1613.0
0.22993864229373032,1, 561.0, 1556.0, 0.029, 561.0, 552.0, 544.0, 1556.0, 1587.0, 1617.0
0.9901960784313726,1, 777.0, 1609.0, 0.03, 778.0, 787.0, 789.0, 1609.0, 1637.0, 1670.0
0.7529680365296804,1, 447.0, 1549.0, 0.029, 460.0, 454.0, 450.0, 1993.0, 2065.0, 2144.0
0.3638457203316736,1, 625.0, 1589.0, 0.03, 625.0, 621.0, 617.0, 1589.0, 1601.0, 1611.0
0.06097560975609756,2, 658.5, 1717.5, 0.0305, 658.5, 652.5, 645.5, 1717.5, 1720.5, 1724.5
0.20978831347592225,2, 636.5, 1838.0, 0.035500000000000004, 637.0, 625.5, 609.5, 1836.5, 1841.0, 1837.0
0.989451476793249,1, 545.0, 1504.0, 0.03, 545.0, 536.0, 530.0, 1504.0, 1518.0, 1534.0
0.9985696771557009,2, 690.0, 1710.5, 0.0345, 692.0, 670.0, 646.5, 1707.0, 1716.5, 1677.0
0.01825117263784198,1, 599.0, 1515.0, 0.031, 599.0, 584.0, 575.0, 1515.0, 1524.0, 1530.0
0.16866374487131666,1, 626.0, 1429.0, 0.029, 626.0, 623.0, 612.0, 1429.0, 1433.0, 1441.0
0.5714285714285714,1, 610.0, 1587.0, 0.03, 610.0, 616.0, 618.0, 1587.0, 1588.0, 1592.0
0.3169086541174173,1, 765.0, 1493.0, 0.03, 765.0, 769.0, 767.0, 1493.0, 1523.0, 1558.0
0.25,4, 555.75, 1507.0, 0.0325, 557.75, 541.0, 523.0, 1506.25, 1510.25, 1498.5
0.4888888888888889,5, 617.6, 1719.4, 0.066, 618.2, 654.0, 656.8, 1723.8, 1713.2, 1744.2
0.5232058376276886,1, 766.0, 1567.0, 0.031, 766.0, 736.0, 710.0, 1567.0, 1577.0, 1574.0
0.8189551750463518,2, 600.5, 1638.5, 0.03, 600.5, 600.0, 593.0, 1638.5, 1632.5, 1618.0
0.029940119760479042,3, 568.3333333333334, 1922.0, 0.03, 568.3333333333334, 570.6666666666666, 575.0, 1922.0, 1922.0, 1912.3333333333333
0.047573739295908656,1, 779.0, 1693.0, 0.03, 779.0, 781.0, 784.0, 1693.0, 1705.0, 1713.0
0.03540179922937689,1, 703.0, 1337.0, 0.031, 703.0, 566.0, 569.0, 1337.0, 1353.0, 1380.0
0.6047008547008548,3, 657.3333333333334, 1733.3333333333333, 0.030333333333333334, 657.0, 647.0, 631.3333333333334, 1733.3333333333333, 1735.0, 1727.0
0.9,5, 601.2, 1611.0, 0.034, 601.0, 594.2, 583.6, 1610.8, 1608.8, 1596.6
0.4304347826086956,1, 612.0, 1440.0, 0.03, 612.0, 607.0, 598.0, 1440.0, 1431.0, 1425.0
0.09732706075762634,1, 684.0, 1707.0, 0.04, 682.0, 694.0, 646.0, 1711.0, 1693.0, 1707.0
0.21524064171122995,1, 495.0, 1762.0, 0.03, 495.0, 495.0, 495.0, 1762.0, 1763.0, 1764.0
0.06573290878638645,1, 614.0, 1781.0, 0.03, 614.0, 616.0, 608.0, 1781.0, 1779.0, 1773.0
0.853299856527977,3, 581.0, 1591.0, 0.029333333333333333, 581.0, 579.0, 576.0, 1591.0, 1604.0, 1616.6666666666667
0.01737228245385574,2, 744.5, 1744.5, 0.03, 744.5, 726.0, 706.5, 1744.5, 1745.5, 1744.0
0.3975563909774436,1, 532.0, 1822.0, 0.031, 532.0, 525.0, 516.0, 1822.0, 1851.0, 1878.0
0.09401709401709402,3, 683.0, 1470.6666666666667, 0.029666666666666664, 683.0, 682.0, 689.6666666666666, 1470.6666666666667, 1475.0, 1475.6666666666667
0.018518518518518517,2, 603.5, 1675.5, 0.03, 603.5, 592.0, 578.5, 1675.5, 1661.0, 1649.5
0.002472799208704253,3, 589.6666666666666, 1495.6666666666667, 0.036333333333333336, 589.6666666666666, 582.3333333333334, 574.6666666666666, 1505.6666666666667, 1481.6666666666667, 1470.3333333333333
0.7004124065641378,1, 578.0, 1666.0, 0.03, 578.0, 572.0, 565.0, 1666.0, 1674.0, 1680.0
0.08950545727963642,5, 586.4, 1584.2, 0.0298, 586.6, 585.0, 581.0, 1584.2, 1591.2, 1598.0
0.044642857142857144,2, 624.0, 1633.5, 0.03, 624.0, 610.0, 595.5, 1633.5, 1651.5, 1661.0
0.5591230662924629,1, 540.0, 1761.0, 0.03, 540.0, 534.0, 531.0, 1761.0, 1766.0, 1765.0
0.003323262839879154,2, 587.0, 1871.5, 0.0305, 587.0, 576.0, 561.0, 1871.5, 1865.5, 1847.5
0.0847457627118644,1, 519.0, 1608.0, 0.03, 519.0, 527.0, 536.0, 1608.0, 1619.0, 1624.0
0.4949186991869919,3, 529.6666666666666, 1731.3333333333333, 0.03333333333333333, 529.6666666666666, 515.0, 499.0, 1729.3333333333333, 1741.6666666666667, 1734.3333333333333
0.8914565826330532,1, 509.0, 1906.0, 0.03, 509.0, 485.0, 467.0, 1906.0, 1887.0, 1870.0
0.0054466230936819175,2, 634.0, 1853.5, 0.0295, 634.0, 633.5, 620.5, 1853.5, 1866.0, 1881.5
0.875,3, 591.6666666666666, 1655.6666666666667, 0.03, 591.6666666666666, 572.3333333333334, 553.3333333333334, 1655.6666666666667, 1652.6666666666667, 1647.6666666666667
0.016722408026755852,1, 482.0, 1650.0, 0.03, 482.0, 480.0, 477.0, 1650.0, 1639.0, 1620.0
0.007246376811594203,1, 637.0, 1805.0, 0.029, 637.0, 636.0, 632.0, 1805.0, 1799.0, 1792.0
0.9056603773584906,2, 649.5, 1876.0, 0.03, 649.5, 633.5, 620.0, 1875.5, 1867.0, 1873.0
0.03986826139712255,1, 589.0, 1607.0, 0.031, 589.0, 570.0, 560.0, 1607.0, 1615.0, 1627.0
0.2583779621670076,2, 631.5, 1622.0, 0.0295, 631.5, 626.5, 619.0, 1622.0, 1633.5, 1644.0
0.051490514905149054,2, 643.5, 1191.0, 0.0305, 643.5, 646.0, 647.0, 1191.0, 1207.0, 1228.5
