0.0,3, 998.6666666666666, 1386.6666666666667, 0.11366666666666668, 978.6666666666666, 977.3333333333334, 865.3333333333334, 1405.3333333333333, 1327.3333333333333, 1317.0
0.02082912411450186,1, 854.0, 1376.0, 0.11, 845.0, 896.0, 898.0, 1398.0, 1343.0, 1357.0
0.43643745749829993,2, 939.5, 1626.0, 0.095, 913.5, 976.0, 968.0, 1640.0, 1591.5, 1523.0
0.7746112594346588,1, 950.0, 1323.0, 0.14, 932.0, 970.0, 954.0, 1343.0, 1294.0, 1219.0
0.9056603773584906,9, 840.5555555555555, 1303.0, 0.057555555555555554, 834.0, 842.4444444444445, 836.6666666666666, 1319.111111111111, 1263.0, 1210.0
0.26754289597142034,4, 776.75, 1369.75, 0.08750000000000001, 760.0, 831.25, 901.25, 1369.75, 1337.75, 1290.25
0.037286724927174365,1, 850.0, 1481.0, 0.06, 836.0, 874.0, 893.0, 1512.0, 1444.0, 1344.0
1.0,1, 982.0, 1399.0, 0.09, 984.0, 994.0, 1002.0, 1405.0, 1419.0, 1410.0
0.047573739295908656,1, 920.0, 1430.0, 0.07, 883.0, 955.0, 938.0, 1471.0, 1328.0, 1213.0
0.4304347826086956,2, 887.5, 1433.5, 0.0995, 881.5, 870.5, 922.0, 1422.5, 1430.0, 1344.5
0.11457431215500621,5, 935.6, 1304.4, 0.096, 931.0, 956.2, 951.2, 1318.8, 1247.8, 1182.2
0.5232058376276886,11, 967.8181818181819, 1439.0, 0.11745454545454546, 961.0, 988.0, 1016.0909090909091, 1461.0, 1390.3636363636363, 1357.8181818181818
0.8189551750463518,3, 959.3333333333334, 1366.3333333333333, 0.09333333333333334, 944.0, 974.0, 955.6666666666666, 1373.6666666666667, 1323.6666666666667, 1238.6666666666667
0.0461236316271587,1, 777.0, 1240.0, 0.131, 751.0, 880.0, 974.0, 1226.0, 1322.0, 1357.0
0.9768518518518519,1, 830.0, 1372.0, 0.08, 794.0, 877.0, 835.0, 1422.0, 1334.0, 1293.0
0.989451476793249,2, 880.5, 1385.5, 0.10550000000000001, 904.0, 756.0, 764.0, 1424.0, 1209.5, 1188.0
0.9199999999999999,1, 927.0, 1413.0, 0.069, 927.0, 901.0, 834.0, 1462.0, 1331.0, 1279.0
0.8914565826330532,1, 1017.0, 1692.0, 0.13, 1031.0, 643.0, 1009.0, 1712.0, 860.0, 1464.0
0.9901960784313726,1, 975.0, 1429.0, 0.119, 927.0, 1084.0, 1151.0, 1432.0, 1397.0, 1320.0
0.0054466230936819175,1, 937.0, 1387.0, 0.099, 928.0, 948.0, 958.0, 1416.0, 1348.0, 1391.0
0.875,3, 943.0, 1391.0, 0.08666666666666667, 953.3333333333334, 927.3333333333334, 873.0, 1425.0, 1326.3333333333333, 1279.3333333333333
0.28797816531883524,3, 958.6666666666666, 1380.0, 0.10999999999999999, 944.6666666666666, 1028.3333333333333, 1109.0, 1392.6666666666667, 1342.6666666666667, 1348.3333333333333
0.03986826139712255,1, 1044.0, 1479.0, 0.09, 1028.0, 1058.0, 1067.0, 1513.0, 1384.0, 1284.0
0.06119523026890933,1, 840.0, 1490.0, 0.04, 848.0, 758.0, 639.0, 1504.0, 1418.0, 1340.0
0.051490514905149054,1, 1037.0, 1568.0, 0.14, 1030.0, 1029.0, 1060.0, 1561.0, 1514.0, 1586.0
