0.0,1, 617.0, 2202.0, 0.13, 597.0, 762.0, 932.0, 2185.0, 2133.0, 1712.0
0.26754289597142034,37, 743.2162162162163, 1981.7837837837837, 0.12302702702702704, 726.5135135135135, 763.7297297297297, 793.2972972972973, 1972.837837837838, 1932.7837837837837, 1687.027027027027
0.28797816531883524,67, 718.0746268656717, 2015.7014925373135, 0.1174029850746269, 720.9402985074627, 768.179104477612, 839.8805970149253, 2045.5074626865671, 1962.0597014925372, 1761.4776119402984
1.0,6, 588.0, 2081.5, 0.09333333333333334, 584.8333333333334, 608.5, 751.3333333333334, 2110.6666666666665, 2020.5, 1906.6666666666667
0.43643745749829993,3, 647.3333333333334, 2354.0, 0.14666666666666667, 640.0, 674.3333333333334, 728.3333333333334, 2308.3333333333335, 2390.3333333333335, 2141.0
0.4304347826086956,1, 722.0, 1927.0, 0.12, 716.0, 728.0, 717.0, 1906.0, 1985.0, 1879.0
0.07261164901661495,3, 784.3333333333334, 1819.6666666666667, 0.12333333333333334, 782.6666666666666, 757.3333333333334, 740.0, 1800.0, 1945.3333333333333, 1937.6666666666667
0.9056603773584906,37, 718.3513513513514, 2014.027027027027, 0.09032432432432433, 697.1621621621622, 745.3243243243244, 779.5405405405405, 2015.7567567567567, 1939.837837837838, 1799.2702702702702
0.989451476793249,5, 641.2, 2382.0, 0.1442, 639.8, 646.4, 799.6, 2382.6, 2326.8, 2058.4
0.16129032258064516,1, 737.0, 2150.0, 0.16, 732.0, 774.0, 848.0, 2139.0, 2114.0, 2003.0
0.20833333333333334,2, 771.5, 1985.5, 0.115, 757.0, 817.5, 850.0, 1992.0, 1909.5, 1750.0
0.3333333333333333,4, 740.25, 2025.25, 0.11499999999999999, 738.25, 733.0, 732.75, 1984.25, 2034.25, 1935.5
0.4827586206896552,1, 753.0, 1888.0, 0.11, 727.0, 796.0, 772.0, 1861.0, 1927.0, 1771.0
0.11904761904761904,2, 699.0, 2168.5, 0.11050000000000001, 689.0, 711.0, 737.5, 2161.0, 2092.0, 1843.0
0.23226773226773229,4, 667.5, 1977.75, 0.10999999999999999, 660.75, 685.0, 706.5, 1967.25, 1904.0, 1743.75
0.5145823094171409,1, 671.0, 1991.0, 0.079, 655.0, 707.0, 943.0, 2058.0, 1882.0, 1953.0
0.11518225545177777,3, 743.3333333333334, 2084.3333333333335, 0.15333333333333335, 737.0, 770.6666666666666, 779.6666666666666, 2083.3333333333335, 2024.0, 1765.0
0.4473684210526316,3, 670.6666666666666, 2064.6666666666665, 0.08633333333333333, 660.6666666666666, 678.0, 630.6666666666666, 2048.0, 2078.6666666666665, 1990.6666666666667
-0.0032147828574918907,1, 671.0, 2238.0, 0.15, 653.0, 777.0, 858.0, 2249.0, 1982.0, 1674.0
0.39601850516956444,4, 721.0, 1758.25, 0.06974999999999999, 702.25, 753.75, 766.0, 1766.5, 1708.25, 1557.75
0.3858168631654727,3, 730.0, 1771.0, 0.12, 720.6666666666666, 776.6666666666666, 829.6666666666666, 1758.3333333333333, 1767.0, 1585.3333333333333
0.9324324324324325,5, 886.2, 1834.4, 0.11379999999999998, 865.8, 934.6, 957.4, 1833.4, 1793.0, 1670.4
0.6666666666666666,1, 809.0, 2130.0, 0.12, 802.0, 838.0, 904.0, 2146.0, 2098.0, 1924.0
0.037286724927174365,11, 676.4545454545455, 2261.2727272727275, 0.1182727272727273, 658.9090909090909, 709.4545454545455, 745.4545454545455, 2246.181818181818, 2264.181818181818, 2098.4545454545455
0.7529680365296804,1, 828.0, 2022.0, 0.139, 824.0, 850.0, 847.0, 2000.0, 2019.0, 1931.0
0.3638457203316736,11, 742.1818181818181, 2013.0, 0.12936363636363635, 731.7272727272727, 761.4545454545455, 812.8181818181819, 2000.7272727272727, 1976.1818181818182, 1852.2727272727273
0.43993552669005404,4, 760.0, 2021.5, 0.09975, 733.5, 827.0, 871.25, 2024.25, 1972.0, 1817.25
0.06097560975609756,1, 764.0, 1924.0, 0.13, 748.0, 891.0, 948.0, 1918.0, 1920.0, 1834.0
0.9901960784313726,3, 770.0, 2053.3333333333335, 0.14066666666666666, 779.3333333333334, 820.6666666666666, 937.0, 2129.0, 2021.3333333333333, 1992.0
0.9985696771557009,2, 692.5, 2186.5, 0.0945, 679.0, 717.0, 758.5, 2207.5, 2087.5, 1888.5
0.8685759145912924,2, 780.5, 2136.0, 0.12, 773.5, 806.5, 843.0, 2104.0, 2116.0, 1951.0
0.9199999999999999,8, 813.75, 1846.5, 0.11612499999999999, 800.0, 824.5, 844.0, 1836.0, 1768.25, 1682.25
0.16866374487131666,3, 779.3333333333334, 2028.0, 0.12, 761.6666666666666, 842.0, 960.0, 2039.3333333333333, 1987.3333333333333, 1816.0
0.03568369968598344,3, 729.3333333333334, 2015.3333333333333, 0.14633333333333334, 725.0, 792.0, 842.0, 1963.3333333333333, 1969.6666666666667, 1695.0
0.047573739295908656,9, 729.5555555555555, 2132.3333333333335, 0.11744444444444443, 714.6666666666666, 765.2222222222222, 813.4444444444445, 2129.5555555555557, 2111.3333333333335, 1898.2222222222222
0.5714285714285714,4, 731.25, 2087.25, 0.15175, 721.75, 796.75, 839.5, 2172.25, 2130.75, 1924.0
0.25,3, 819.3333333333334, 2014.3333333333333, 0.11633333333333333, 790.3333333333334, 867.0, 845.6666666666666, 2023.3333333333333, 1909.0, 1515.0
0.11457431215500621,1, 797.0, 2214.0, 0.14, 788.0, 819.0, 904.0, 2158.0, 2393.0, 2047.0
0.004,4, 729.5, 1943.25, 0.11825, 716.75, 771.75, 808.5, 1948.25, 1895.5, 1726.75
0.7924477861944679,1, 684.0, 2052.0, 0.121, 694.0, 704.0, 669.0, 2025.0, 2078.0, 1665.0
0.029940119760479042,1, 711.0, 1911.0, 0.1, 695.0, 788.0, 778.0, 1904.0, 1919.0, 1728.0
0.9558498896247241,7, 769.5714285714286, 2092.5714285714284, 0.13285714285714287, 749.0, 829.2857142857143, 905.7142857142857, 2091.5714285714284, 2056.0, 1852.142857142857
0.0461236316271587,1, 803.0, 2561.0, 0.139, 787.0, 793.0, 835.0, 2534.0, 2163.0, 1714.0
0.09613819705639245,6, 715.8333333333334, 1897.1666666666667, 0.11466666666666665, 703.5, 766.0, 811.3333333333334, 1891.3333333333333, 1883.5, 1737.8333333333333
0.6047008547008548,1, 774.0, 1802.0, 0.1, 744.0, 767.0, 720.0, 1816.0, 1755.0, 1641.0
0.9768518518518519,2, 794.5, 2103.0, 0.0945, 793.0, 806.5, 842.5, 2047.0, 2216.5, 1972.5
0.16366612111292964,1, 739.0, 1794.0, 0.111, 728.0, 793.0, 780.0, 1814.0, 1709.0, 1549.0
0.21055693545331977,2, 663.5, 2038.5, 0.14550000000000002, 664.0, 680.5, 748.0, 2022.0, 2096.0, 2017.5
0.09732706075762634,3, 708.0, 1798.6666666666667, 0.12033333333333333, 691.3333333333334, 751.3333333333334, 778.0, 1798.6666666666667, 1738.3333333333333, 1585.3333333333333
0.8166666666666667,1, 732.0, 1976.0, 0.119, 738.0, 682.0, 722.0, 1959.0, 2041.0, 1928.0
0.3975563909774436,5, 700.4, 1923.4, 0.1298, 696.4, 701.2, 801.2, 1943.6, 1903.0, 1757.2
0.21524064171122995,2, 686.5, 2078.0, 0.135, 679.5, 700.5, 791.5, 2071.0, 2055.5, 1928.5
0.9886561954624782,7, 735.4285714285714, 1940.2857142857142, 0.13128571428571428, 734.8571428571429, 757.5714285714286, 889.5714285714286, 1953.2857142857142, 1858.4285714285713, 1776.857142857143
0.08950545727963642,6, 640.3333333333334, 2155.0, 0.11, 632.1666666666666, 669.3333333333334, 708.8333333333334, 2145.8333333333335, 2089.8333333333335, 1811.8333333333333
0.14556962025316456,1, 660.0, 2183.0, 0.06, 614.0, 716.0, 736.0, 2154.0, 2247.0, 2384.0
0.06573290878638645,4, 791.25, 1794.25, 0.09725, 780.5, 798.25, 821.25, 1789.75, 1716.25, 1688.5
0.2582808742897702,1, 716.0, 2128.0, 0.1, 714.0, 739.0, 803.0, 2132.0, 2068.0, 1919.0
0.08250825082508251,3, 712.0, 2259.3333333333335, 0.10666666666666667, 701.6666666666666, 743.6666666666666, 797.0, 2257.0, 2199.3333333333335, 2047.3333333333333
0.853299856527977,1, 636.0, 2000.0, 0.14, 621.0, 658.0, 690.0, 1990.0, 1975.0, 1815.0
0.1721311475409836,3, 746.6666666666666, 1833.3333333333333, 0.11666666666666665, 730.0, 759.3333333333334, 759.6666666666666, 1834.0, 1774.0, 1672.6666666666667
0.0662940654052643,1, 766.0, 2158.0, 0.11, 769.0, 780.0, 753.0, 2130.0, 2022.0, 1864.0
0.20978831347592225,5, 695.2, 2227.6, 0.14200000000000002, 692.2, 765.6, 805.0, 2337.0, 2183.0, 1811.2
0.9,5, 752.6, 1833.4, 0.12840000000000001, 732.8, 826.2, 905.8, 1843.2, 1788.2, 1642.6
0.018518518518518517,2, 810.0, 1912.0, 0.131, 793.5, 779.5, 784.5, 1930.5, 1862.5, 1667.5
0.002472799208704253,5, 700.0, 2091.4, 0.1122, 689.6, 683.8, 706.6, 2088.0, 1895.8, 1772.8
0.7004124065641378,5, 804.8, 2102.0, 0.10999999999999999, 769.0, 881.2, 1081.8, 2126.8, 2005.6, 1841.6
0.3468338725085468,1, 725.0, 1728.0, 0.171, 724.0, 792.0, 980.0, 1726.0, 1757.0, 1690.0
0.5555555555555556,4, 745.5, 1830.75, 0.11725, 736.5, 749.0, 747.25, 1836.5, 1765.0, 1573.25
0.044642857142857144,12, 638.3333333333334, 2419.0833333333335, 0.12908333333333336, 634.75, 665.3333333333334, 651.25, 2376.8333333333335, 2405.25, 2073.4166666666665
0.5591230662924629,4, 630.0, 1889.25, 0.13525, 626.5, 648.0, 716.75, 1877.25, 1901.25, 1773.25
0.003323262839879154,1, 659.0, 1948.0, 0.13, 653.0, 702.0, 736.0, 1948.0, 1925.0, 1771.0
0.5,4, 793.25, 1877.5, 0.1005, 748.5, 831.5, 843.5, 1861.75, 1886.5, 1824.5
0.0847457627118644,1, 736.0, 2204.0, 0.14, 732.0, 762.0, 811.0, 2205.0, 2167.0, 1874.0
0.9090909090909091,5, 680.2, 2060.2, 0.086, 668.2, 682.2, 697.4, 2058.4, 2040.6, 1864.0
0.30319148936170215,10, 807.5, 1815.2, 0.12610000000000002, 787.5, 808.1, 807.9, 1820.6, 1741.7, 1646.2
0.8914565826330532,1, 627.0, 2211.0, 0.12, 609.0, 707.0, 749.0, 2202.0, 2123.0, 1463.0
0.4888888888888889,4, 706.5, 2002.75, 0.14800000000000002, 692.0, 756.75, 771.25, 1999.75, 1993.5, 1830.0
0.8333333333333333,2, 635.5, 1982.0, 0.125, 643.0, 676.0, 710.5, 2039.5, 1966.0, 1728.5
0.5232058376276886,1, 713.0, 1859.0, 0.09, 705.0, 689.0, 731.0, 1859.0, 1841.0, 1812.0
0.935483870967742,1, 582.0, 2147.0, 0.12, 601.0, 564.0, 616.0, 2115.0, 2170.0, 1937.0
0.0054466230936819175,11, 765.2727272727273, 2122.818181818182, 0.11436363636363636, 759.0, 794.4545454545455, 838.9090909090909, 2117.090909090909, 2103.0, 1940.8181818181818
0.6976981351981353,2, 745.0, 1912.0, 0.13, 707.5, 798.5, 753.5, 1914.0, 1807.0, 1551.0
0.875,4, 747.5, 1939.25, 0.1255, 750.75, 757.25, 730.0, 1918.5, 1974.5, 1925.5
0.05963228348710511,2, 633.5, 2062.5, 0.085, 620.5, 640.5, 649.0, 2078.0, 2013.5, 1967.0
0.016722408026755852,1, 816.0, 1943.0, 0.129, 779.0, 844.0, 874.0, 1715.0, 1999.0, 1769.0
0.007246376811594203,3, 725.6666666666666, 1980.6666666666667, 0.07333333333333335, 726.0, 717.0, 696.3333333333334, 1982.0, 1946.0, 1786.6666666666667
0.41485001407712074,1, 760.0, 2043.0, 0.1, 938.0, 892.0, 1180.0, 2208.0, 2102.0, 2118.0
0.03986826139712255,6, 639.5, 2222.3333333333335, 0.10983333333333334, 632.6666666666666, 651.6666666666666, 719.1666666666666, 2201.6666666666665, 2220.0, 2006.3333333333333
0.45454545454545453,2, 689.5, 2009.0, 0.13, 684.5, 708.5, 781.5, 2015.0, 1958.0, 1732.5
0.06119523026890933,1, 680.0, 1911.0, 0.119, 677.0, 703.0, 686.0, 1874.0, 1970.0, 1967.0
0.2583779621670076,2, 685.5, 1979.0, 0.13, 682.0, 693.5, 701.0, 1958.5, 1988.5, 1847.0
0.051490514905149054,3, 689.3333333333334, 2037.3333333333333, 0.16000000000000003, 678.3333333333334, 744.3333333333334, 802.3333333333334, 2047.3333333333333, 1952.0, 1770.6666666666667
