0.0,1, 601.0, 1191.0, 0.029, 601.0, 601.0, 601.0, 1191.0, 1182.0, 1157.0
0.26754289597142034,69, 598.8405797101449, 1319.623188405797, 0.06566666666666665, 596.304347826087, 604.231884057971, 612.2608695652174, 1355.4202898550725, 1263.6811594202898, 1192.6521739130435
1.0,2, 698.5, 1297.0, 0.0295, 698.5, 703.5, 708.0, 1297.0, 1299.0, 1300.5
0.02082912411450186,1, 566.0, 1645.0, 0.03, 566.0, 563.0, 559.0, 1645.0, 1657.0, 1640.0
0.43643745749829993,1, 646.0, 1100.0, 0.04, 649.0, 638.0, 641.0, 1106.0, 1084.0, 1111.0
0.28797816531883524,53, 602.7735849056604, 1348.7358490566037, 0.040886792452830195, 631.6603773584906, 621.2452830188679, 625.7547169811321, 1405.0188679245282, 1361.6037735849056, 1331.622641509434
0.07261164901661495,4, 644.0, 1406.75, 0.05975, 643.25, 672.75, 672.75, 1413.75, 1390.75, 1342.5
0.3333333333333333,2, 537.5, 1502.0, 0.0345, 538.5, 531.0, 528.0, 1506.5, 1445.0, 1366.5
0.20833333333333334,10, 578.4, 1149.4, 0.05489999999999999, 577.8, 587.8, 615.9, 1173.9, 1098.6, 1042.0
0.4827586206896552,3, 532.6666666666666, 1450.3333333333333, 0.06, 548.3333333333334, 590.6666666666666, 994.3333333333334, 1540.6666666666667, 1607.3333333333333, 1949.6666666666667
0.11904761904761904,4, 583.5, 1236.0, 0.08525, 577.0, 606.75, 662.75, 1261.75, 1216.75, 1107.75
0.23226773226773229,5, 568.6, 1544.4, 0.032, 568.4, 567.6, 567.4, 1546.6, 1506.4, 1467.6
0.5145823094171409,1, 607.0, 1626.0, 0.09, 599.0, 610.0, 651.0, 1608.0, 1667.0, 1811.0
0.4857142857142857,2, 598.5, 1180.0, 0.1195, 597.5, 640.5, 672.5, 1179.0, 1109.5, 1010.0
0.8685759145912924,5, 626.6, 1299.2, 0.046, 630.8, 646.2, 653.2, 1333.6, 1283.2, 1285.4
0.5,2, 618.0, 1199.5, 0.05500000000000001, 617.5, 619.0, 622.5, 1215.5, 1138.0, 1052.0
-0.0032147828574918907,4, 582.0, 1387.25, 0.05225, 579.5, 594.75, 623.75, 1402.0, 1356.5, 1379.5
0.39601850516956444,3, 686.3333333333334, 1126.3333333333333, 0.107, 689.0, 675.6666666666666, 677.6666666666666, 1147.6666666666667, 1065.6666666666667, 977.3333333333334
0.4473684210526316,12, 651.5833333333334, 1205.25, 0.06741666666666667, 652.25, 647.5, 645.6666666666666, 1226.4166666666667, 1142.75, 1089.0
0.9324324324324325,4, 671.0, 1205.75, 0.1075, 658.0, 667.0, 721.5, 1248.75, 1110.0, 1186.25
0.6666666666666666,5, 643.6, 1245.8, 0.0518, 645.0, 643.4, 656.2, 1273.2, 1178.4, 1109.8
0.037286724927174365,4, 663.25, 1544.0, 0.04975, 661.25, 672.0, 694.5, 1563.25, 1484.0, 1446.0
0.9558498896247241,1, 536.0, 1399.0, 0.07, 541.0, 547.0, 557.0, 1469.0, 1339.0, 1266.0
0.9901960784313726,16, 592.6875, 1260.1875, 0.06312500000000001, 592.3125, 597.25, 598.5, 1267.5625, 1259.875, 1260.8125
0.989451476793249,7, 551.0, 1251.7142857142858, 0.07014285714285715, 549.4285714285714, 558.5714285714286, 577.7142857142857, 1284.7142857142858, 1213.2857142857142, 1206.0
0.3638457203316736,10, 550.8, 1423.7, 0.07730000000000001, 560.8, 573.2, 640.5, 1459.5, 1379.2, 1241.6
0.9056603773584906,17, 633.2941176470588, 1312.0, 0.05823529411764706, 632.6470588235294, 637.7647058823529, 646.5294117647059, 1346.8235294117646, 1241.764705882353, 1177.5882352941176
0.9,5, 520.6, 1543.0, 0.0442, 520.4, 516.6, 537.8, 1565.4, 1483.2, 1434.6
0.9199999999999999,6, 631.1666666666666, 1115.3333333333333, 0.06683333333333334, 625.5, 643.8333333333334, 673.1666666666666, 1145.0, 1055.5, 990.8333333333334
0.16866374487131666,2, 595.5, 1200.5, 0.03, 595.5, 601.5, 607.0, 1201.0, 1178.5, 1160.5
0.047573739295908656,7, 610.7142857142857, 1230.5714285714287, 0.04157142857142858, 606.0, 625.1428571428571, 636.2857142857143, 1245.857142857143, 1191.2857142857142, 1147.2857142857142
0.4304347826086956,6, 544.3333333333334, 1378.8333333333333, 0.055000000000000014, 542.8333333333334, 547.3333333333334, 556.0, 1381.6666666666667, 1329.1666666666667, 1258.6666666666667
0.5714285714285714,1, 638.0, 1184.0, 0.04, 637.0, 645.0, 657.0, 1188.0, 1203.0, 1335.0
0.3169086541174173,19, 671.421052631579, 1178.9473684210527, 0.07421052631578949, 670.9473684210526, 669.578947368421, 688.5263157894736, 1213.421052631579, 1137.2105263157894, 1146.7368421052631
0.25,17, 597.5294117647059, 1255.1176470588234, 0.08705882352941179, 603.0, 601.0, 625.4117647058823, 1301.4117647058824, 1227.6470588235295, 1217.7058823529412
0.4888888888888889,8, 595.5, 1507.75, 0.060125, 594.125, 605.875, 624.125, 1552.375, 1405.25, 1291.375
0.5232058376276886,11, 663.9090909090909, 1170.8181818181818, 0.1289090909090909, 662.9090909090909, 663.8181818181819, 667.0909090909091, 1203.2727272727273, 1151.1818181818182, 1133.4545454545455
0.24169246646026832,4, 690.0, 1262.25, 0.0745, 714.0, 708.5, 763.5, 1330.75, 1254.0, 1326.25
0.8583333333333334,6, 628.5, 1255.0, 0.07816666666666668, 627.1666666666666, 629.8333333333334, 684.0, 1298.3333333333333, 1192.5, 1177.8333333333333
0.7924477861944679,2, 558.0, 1235.0, 0.0295, 558.0, 562.5, 568.0, 1234.5, 1213.5, 1192.5
0.029940119760479042,11, 668.0909090909091, 1084.0, 0.06127272727272728, 667.4545454545455, 670.6363636363636, 670.5454545454545, 1106.4545454545455, 1020.9090909090909, 967.3636363636364
0.851063829787234,2, 621.5, 1396.0, 0.079, 622.0, 614.5, 601.0, 1412.5, 1400.5, 1571.5
0.09613819705639245,2, 636.5, 1210.5, 0.0445, 637.0, 644.0, 670.5, 1237.5, 1172.5, 1114.5
0.6047008547008548,3, 611.6666666666666, 1269.3333333333333, 0.063, 606.3333333333334, 633.3333333333334, 659.6666666666666, 1292.0, 1269.6666666666667, 1253.3333333333333
0.0664819944598338,7, 642.7142857142857, 1152.0, 0.05814285714285715, 635.2857142857143, 662.2857142857143, 699.4285714285714, 1193.0, 1074.142857142857, 1020.1428571428571
0.8166666666666667,7, 686.7142857142857, 1290.7142857142858, 0.05157142857142857, 686.1428571428571, 684.7142857142857, 675.8571428571429, 1315.5714285714287, 1271.0, 1227.0
0.3975563909774436,5, 595.4, 1242.6, 0.11599999999999999, 595.8, 595.0, 610.6, 1280.8, 1228.8, 1304.0
0.9886561954624782,1, 516.0, 1472.0, 0.06, 505.0, 514.0, 541.0, 1502.0, 1409.0, 1351.0
0.08950545727963642,1, 627.0, 1154.0, 0.07, 624.0, 633.0, 648.0, 1207.0, 1085.0, 999.0
0.14556962025316456,8, 605.875, 1186.625, 0.10112499999999999, 604.625, 615.125, 647.375, 1218.75, 1136.5, 1136.375
0.06573290878638645,1, 659.0, 1370.0, 0.08, 628.0, 745.0, 860.0, 1431.0, 1406.0, 1569.0
0.03540179922937689,4, 640.75, 1386.0, 0.055, 637.75, 645.5, 658.25, 1409.5, 1334.5, 1233.5
0.08250825082508251,8, 666.25, 1078.25, 0.056249999999999994, 660.875, 684.75, 700.0, 1104.5, 1030.75, 1025.125
0.853299856527977,3, 622.6666666666666, 1318.6666666666667, 0.06033333333333333, 627.6666666666666, 620.0, 626.3333333333334, 1340.3333333333333, 1300.6666666666667, 1283.0
0.1721311475409836,3, 624.6666666666666, 1383.3333333333333, 0.036666666666666674, 624.3333333333334, 629.3333333333334, 639.6666666666666, 1389.0, 1340.0, 1302.6666666666667
0.01737228245385574,8, 651.375, 1405.0, 0.034875, 651.25, 658.5, 666.25, 1408.5, 1404.375, 1386.5
0.09401709401709402,1, 555.0, 1192.0, 0.051, 522.0, 574.0, 616.0, 1226.0, 1187.0, 1179.0
0.018518518518518517,3, 590.0, 1516.0, 0.03966666666666667, 600.0, 585.3333333333334, 565.6666666666666, 1551.3333333333333, 1491.6666666666667, 1454.3333333333333
0.7252567693744165,3, 617.6666666666666, 1134.6666666666667, 0.09699999999999999, 625.6666666666666, 602.3333333333334, 613.6666666666666, 1175.0, 1022.6666666666666, 945.6666666666666
0.5591230662924629,1, 568.0, 960.0, 0.111, 569.0, 565.0, 585.0, 981.0, 924.0, 942.0
0.003323262839879154,1, 707.0, 1446.0, 0.03, 707.0, 715.0, 718.0, 1446.0, 1451.0, 1448.0
0.002472799208704253,4, 607.0, 1440.5, 0.035, 607.0, 607.75, 608.0, 1444.25, 1409.25, 1382.0
0.0847457627118644,49, 613.9591836734694, 1239.2244897959183, 0.0709795918367347, 615.204081632653, 617.3469387755102, 633.8163265306123, 1261.5102040816328, 1228.8163265306123, 1256.3061224489795
0.9090909090909091,15, 632.4666666666667, 1322.3333333333333, 0.04540000000000001, 635.3333333333334, 631.1333333333333, 640.0, 1337.5333333333333, 1304.9333333333334, 1310.2
0.30319148936170215,2, 588.0, 1404.5, 0.03, 588.0, 590.5, 594.0, 1404.5, 1376.0, 1342.5
0.5286233530213539,7, 668.7142857142857, 1242.2857142857142, 0.07742857142857143, 670.1428571428571, 676.0, 704.2857142857143, 1277.857142857143, 1192.5714285714287, 1120.0
0.0054466230936819175,1, 638.0, 1631.0, 0.08, 643.0, 635.0, 700.0, 1578.0, 1658.0, 1676.0
0.6976981351981353,2, 670.5, 1312.0, 0.08499999999999999, 661.0, 686.5, 711.0, 1334.0, 1314.0, 1264.5
0.3858168631654727,16, 623.875, 1586.875, 0.033187500000000016, 623.75, 619.75, 619.125, 1588.5625, 1565.3125, 1543.875
0.6,1, 626.0, 1193.0, 0.1, 631.0, 641.0, 716.0, 1239.0, 1153.0, 895.0
0.41485001407712074,1, 561.0, 1226.0, 0.05, 567.0, 549.0, 542.0, 1262.0, 1169.0, 1110.0
0.45454545454545453,1, 610.0, 1030.0, 0.05, 611.0, 605.0, 599.0, 1084.0, 963.0, 916.0
0.06119523026890933,3, 685.6666666666666, 1357.6666666666667, 0.08666666666666667, 688.6666666666666, 692.3333333333334, 710.6666666666666, 1378.6666666666667, 1331.0, 1430.0
0.2583779621670076,1, 690.0, 1438.0, 0.07, 681.0, 703.0, 711.0, 1468.0, 1470.0, 1671.0
