0.0,1, 732.0, 1179.0, 0.031, 733.0, 699.0, 684.0, 1179.0, 1152.0, 1123.0
0.26754289597142034,54, 623.0925925925926, 1042.6296296296296, 0.032500000000000015, 623.2407407407408, 628.8888888888889, 636.4814814814815, 1045.0185185185185, 1036.2037037037037, 1042.6296296296296
0.28797816531883524,106, 625.6603773584906, 1014.122641509434, 0.034320754716981094, 625.0094339622641, 629.6698113207547, 633.3207547169811, 1015.8396226415094, 998.8584905660377, 989.4811320754717
1.0,2, 697.0, 1316.0, 0.03, 697.0, 697.5, 697.0, 1316.0, 1244.0, 1222.5
0.02082912411450186,1, 594.0, 1340.0, 0.031, 594.0, 608.0, 617.0, 1340.0, 1356.0, 1367.0
0.43643745749829993,1, 590.0, 1017.0, 0.03, 590.0, 580.0, 574.0, 1017.0, 1025.0, 1037.0
0.4304347826086956,6, 647.3333333333334, 1267.8333333333333, 0.03333333333333333, 647.0, 651.1666666666666, 651.5, 1273.6666666666667, 1241.1666666666667, 1232.1666666666667
0.07261164901661495,8, 664.25, 1161.75, 0.03, 664.375, 665.125, 665.875, 1161.75, 1168.875, 1164.875
0.3333333333333333,2, 680.5, 1014.5, 0.03, 680.5, 677.0, 670.0, 1014.5, 998.5, 978.0
0.20833333333333334,9, 673.4444444444445, 1128.6666666666667, 0.030888888888888893, 673.0, 676.7777777777778, 679.4444444444445, 1129.3333333333333, 1112.4444444444443, 1095.7777777777778
0.4827586206896552,20, 669.35, 1500.4, 0.03420000000000001, 668.8, 669.15, 666.05, 1501.0, 1492.1, 1476.0
0.23226773226773229,5, 666.4, 1049.8, 0.0318, 666.4, 667.4, 665.0, 1051.8, 1031.4, 1017.0
-0.0032147828574918907,9, 656.8888888888889, 1248.888888888889, 0.03222222222222223, 656.6666666666666, 658.4444444444445, 659.1111111111111, 1249.7777777777778, 1215.6666666666667, 1202.111111111111
0.9324324324324325,1, 618.0, 866.0, 0.03, 618.0, 611.0, 607.0, 866.0, 855.0, 847.0
0.6666666666666666,1, 631.0, 1061.0, 0.03, 631.0, 629.0, 627.0, 1061.0, 1038.0, 1015.0
0.9558498896247241,17, 614.4117647058823, 1086.6470588235295, 0.030117647058823544, 614.3529411764706, 618.1176470588235, 622.2941176470588, 1086.5294117647059, 1075.7058823529412, 1062.1764705882354
0.22993864229373032,1, 665.0, 1574.0, 0.029, 665.0, 665.0, 665.0, 1574.0, 1576.0, 1591.0
0.9901960784313726,2, 619.5, 1161.0, 0.03, 619.5, 622.5, 626.5, 1161.0, 1157.0, 1155.0
0.989451476793249,4, 630.0, 1069.5, 0.0295, 630.0, 628.75, 626.25, 1069.5, 1057.25, 1046.25
0.3638457203316736,29, 659.5862068965517, 1107.6206896551723, 0.031000000000000017, 659.8965517241379, 660.9655172413793, 661.448275862069, 1107.655172413793, 1114.0344827586207, 1117.4137931034484
0.9,13, 627.2307692307693, 1118.3846153846155, 0.031153846153846164, 626.6153846153846, 630.1538461538462, 633.5384615384615, 1123.923076923077, 1101.8461538461538, 1094.8461538461538
0.11904761904761904,2, 736.5, 1569.0, 0.0305, 736.5, 746.0, 754.0, 1569.0, 1612.0, 1659.5
0.43993552669005404,1, 662.0, 1155.0, 0.03, 662.0, 658.0, 655.0, 1155.0, 1159.0, 1168.0
0.8685759145912924,4, 728.75, 1505.75, 0.02975, 729.0, 729.0, 726.75, 1505.75, 1621.75, 1799.5
0.9199999999999999,2, 660.0, 902.0, 0.03, 660.0, 663.0, 668.5, 902.0, 873.5, 847.0
0.16866374487131666,4, 630.0, 1079.75, 0.03, 630.0, 630.0, 630.5, 1079.75, 1060.75, 1050.5
0.047573739295908656,2, 655.5, 1163.5, 0.03, 655.5, 656.5, 656.0, 1163.5, 1158.0, 1162.0
0.3169086541174173,4, 763.75, 1398.25, 0.03025, 763.75, 758.5, 755.5, 1398.0, 1361.75, 1313.0
0.25,1, 692.0, 826.0, 0.03, 692.0, 705.0, 715.0, 826.0, 864.0, 905.0
0.4888888888888889,21, 656.5714285714286, 1120.7619047619048, 0.031523809523809544, 656.5238095238095, 657.6190476190476, 657.5238095238095, 1121.6666666666667, 1113.2857142857142, 1108.2380952380952
0.9056603773584906,8, 645.125, 1014.375, 0.03125, 644.875, 647.5, 649.375, 1014.5, 1009.375, 1003.0
0.8583333333333334,3, 648.3333333333334, 1526.0, 0.03, 648.3333333333334, 656.3333333333334, 660.6666666666666, 1526.0, 1586.0, 1610.6666666666667
0.7924477861944679,3, 621.3333333333334, 1673.6666666666667, 0.029333333333333333, 621.3333333333334, 623.6666666666666, 629.6666666666666, 1673.6666666666667, 1671.6666666666667, 1670.6666666666667
0.029940119760479042,12, 731.0833333333334, 1558.25, 0.03000000000000001, 731.0833333333334, 726.75, 722.9166666666666, 1558.1666666666667, 1600.0833333333333, 1649.9166666666667
0.09613819705639245,1, 724.0, 1606.0, 0.03, 724.0, 726.0, 725.0, 1606.0, 1592.0, 1551.0
0.0664819944598338,5, 801.8, 1768.0, 0.0304, 801.8, 797.6, 789.8, 1768.0, 1791.6, 1786.4
0.21055693545331977,3, 673.0, 989.3333333333334, 0.03, 673.0, 669.3333333333334, 668.0, 989.0, 992.0, 992.3333333333334
0.09732706075762634,2, 595.5, 1605.5, 0.035, 595.0, 599.0, 600.5, 1613.0, 1611.5, 1681.5
0.8166666666666667,2, 725.0, 1403.5, 0.0295, 725.0, 719.5, 716.5, 1403.5, 1380.0, 1390.5
0.21524064171122995,5, 594.2, 1088.4, 0.030199999999999998, 594.2, 600.2, 606.6, 1088.4, 1083.0, 1080.4
0.08250825082508251,8, 730.875, 1171.125, 0.03, 731.0, 736.125, 741.0, 1171.125, 1159.875, 1142.875
0.01737228245385574,4, 738.75, 1815.0, 0.0295, 738.75, 733.75, 730.75, 1815.0, 1818.0, 1828.25
0.0662940654052643,2, 571.0, 1314.5, 0.0345, 569.5, 587.0, 610.0, 1321.0, 1243.0, 1199.0
0.20978831347592225,5, 611.2, 1089.6, 0.0382, 614.2, 609.6, 613.6, 1108.8, 1045.6, 1024.6
0.018518518518518517,4, 631.25, 1345.75, 0.03025, 631.25, 635.5, 638.5, 1345.75, 1337.0, 1313.0
0.5555555555555556,1, 650.0, 998.0, 0.03, 650.0, 653.0, 654.0, 998.0, 969.0, 947.0
0.7252567693744165,1, 682.0, 1003.0, 0.03, 682.0, 669.0, 658.0, 1003.0, 978.0, 957.0
0.003323262839879154,1, 754.0, 2107.0, 0.03, 754.0, 759.0, 766.0, 2107.0, 2054.0, 1969.0
0.002472799208704253,6, 646.8333333333334, 1161.3333333333333, 0.03, 647.0, 644.3333333333334, 642.0, 1161.3333333333333, 1142.8333333333333, 1128.8333333333333
0.0847457627118644,17, 664.1764705882352, 1092.4117647058824, 0.04894117647058825, 666.7647058823529, 642.0, 641.5882352941177, 1088.2941176470588, 1081.9411764705883, 1140.6470588235295
0.9090909090909091,30, 657.2333333333333, 1341.1666666666667, 0.03260000000000002, 657.0333333333333, 658.5666666666667, 659.6, 1339.7666666666667, 1349.9, 1359.5666666666666
0.30319148936170215,2, 623.5, 1528.0, 0.065, 628.0, 614.5, 592.5, 1530.0, 1536.5, 1463.0
0.03540179922937689,1, 671.0, 1037.0, 0.03, 671.0, 673.0, 673.0, 1037.0, 1020.0, 1001.0
0.037286724927174365,4, 669.75, 1016.75, 0.0295, 669.75, 671.25, 673.75, 1016.75, 1009.5, 1003.25
0.5714285714285714,3, 661.0, 1226.6666666666667, 0.03, 661.0, 669.3333333333334, 686.0, 1226.6666666666667, 1212.6666666666667, 1263.3333333333333
0.5286233530213539,1, 726.0, 898.0, 0.029, 726.0, 726.0, 727.0, 898.0, 894.0, 885.0
0.0054466230936819175,3, 659.3333333333334, 1344.0, 0.03, 659.3333333333334, 653.0, 647.0, 1344.0, 1354.6666666666667, 1360.0
0.5,4, 686.75, 978.75, 0.03025, 686.75, 691.75, 697.25, 978.75, 954.5, 931.75
0.05963228348710511,2, 661.5, 1041.0, 0.035, 660.5, 668.0, 671.5, 1045.0, 1012.0, 994.5
0.3858168631654727,14, 602.9285714285714, 1391.857142857143, 0.03514285714285715, 604.8571428571429, 600.2857142857143, 596.2142857142857, 1393.357142857143, 1381.0714285714287, 1372.4285714285713
0.6,1, 686.0, 1069.0, 0.029, 686.0, 690.0, 693.0, 1069.0, 1064.0, 1059.0
0.03986826139712255,3, 705.6666666666666, 1664.3333333333333, 0.03, 705.6666666666666, 701.0, 693.3333333333334, 1664.3333333333333, 1639.3333333333333, 1633.0
0.45454545454545453,3, 628.6666666666666, 1061.0, 0.03333333333333333, 629.3333333333334, 622.0, 618.3333333333334, 1061.0, 1061.6666666666667, 1048.3333333333333
0.9915014164305949,3, 652.6666666666666, 1096.6666666666667, 0.029666666666666664, 652.6666666666666, 653.6666666666666, 652.3333333333334, 1096.6666666666667, 1083.3333333333333, 1068.3333333333333
