0.0,1, 663.0, 1569.0, 0.079, 636.0, 733.0, 780.0, 1574.0, 1541.0, 1490.0
0.26754289597142034,127, 796.2440944881889, 1479.3937007874015, 0.07564566929133859, 765.2204724409448, 842.9291338582677, 831.6456692913385, 1528.0, 1409.3070866141732, 1304.5039370078741
1.0,1, 795.0, 1257.0, 0.09, 781.0, 821.0, 828.0, 1278.0, 1250.0, 1253.0
0.28797816531883524,89, 729.1797752808989, 1524.6629213483145, 0.0721685393258427, 701.1011235955057, 775.6404494382023, 792.2359550561798, 1570.6516853932585, 1447.887640449438, 1337.685393258427
0.07261164901661495,4, 779.0, 1548.75, 0.08, 755.5, 816.5, 835.5, 1584.75, 1484.75, 1432.75
0.989451476793249,32, 769.125, 1438.5, 0.08434375000000001, 731.375, 833.6875, 820.65625, 1474.375, 1380.0, 1283.6875
0.320503682584937,3, 788.6666666666666, 1451.6666666666667, 0.08033333333333333, 764.3333333333334, 807.0, 773.3333333333334, 1473.6666666666667, 1394.3333333333333, 1348.0
0.20833333333333334,12, 750.0, 1427.4166666666667, 0.08933333333333333, 725.5833333333334, 793.75, 793.9166666666666, 1467.8333333333333, 1369.4166666666667, 1314.25
0.4827586206896552,2, 772.0, 1425.5, 0.06, 741.5, 786.5, 760.0, 1522.5, 1300.0, 1189.5
0.11904761904761904,27, 822.8888888888889, 1343.5925925925926, 0.07418518518518519, 789.1111111111111, 856.925925925926, 820.074074074074, 1403.888888888889, 1273.5185185185185, 1226.5555555555557
0.4857142857142857,1, 826.0, 1505.0, 0.07, 820.0, 833.0, 846.0, 1556.0, 1449.0, 1405.0
0.8685759145912924,12, 835.75, 1452.4166666666667, 0.0695, 810.0, 861.0833333333334, 860.4166666666666, 1491.5, 1381.25, 1299.0833333333333
0.5,18, 782.6111111111111, 1589.388888888889, 0.06849999999999999, 742.3888888888889, 830.0555555555555, 817.0555555555555, 1655.7222222222222, 1487.888888888889, 1364.7777777777778
0.9056603773584906,32, 736.0625, 1538.78125, 0.06775, 711.875, 770.40625, 770.53125, 1589.59375, 1460.875, 1386.46875
0.39601850516956444,12, 821.5, 1541.4166666666667, 0.0825, 785.6666666666666, 901.9166666666666, 889.5, 1614.6666666666667, 1466.8333333333333, 1391.4166666666667
0.4473684210526316,23, 780.695652173913, 1450.7391304347825, 0.07013043478260869, 757.3478260869565, 799.8695652173913, 775.2173913043479, 1508.4347826086957, 1344.5217391304348, 1236.2608695652175
0.9324324324324325,19, 748.2631578947369, 1593.842105263158, 0.08036842105263159, 716.6315789473684, 792.0, 780.1578947368421, 1649.157894736842, 1504.3684210526317, 1412.0526315789473
0.037286724927174365,47, 764.4255319148937, 1457.2340425531916, 0.06968085106382979, 733.2765957446809, 808.9148936170212, 804.7872340425532, 1499.6382978723404, 1377.8510638297873, 1301.063829787234
0.3638457203316736,1, 708.0, 1545.0, 0.06, 686.0, 721.0, 690.0, 1585.0, 1457.0, 1287.0
0.9901960784313726,2, 772.0, 1417.5, 0.0695, 736.0, 808.5, 781.0, 1474.0, 1334.0, 1222.5
0.43993552669005404,7, 770.8571428571429, 1562.142857142857, 0.0682857142857143, 737.1428571428571, 804.1428571428571, 799.2857142857143, 1642.7142857142858, 1446.7142857142858, 1309.5714285714287
0.5714285714285714,2, 805.0, 1634.5, 0.089, 775.0, 872.5, 892.0, 1705.0, 1489.5, 1309.0
0.3169086541174173,3, 769.6666666666666, 1391.6666666666667, 0.06666666666666667, 739.3333333333334, 807.6666666666666, 820.6666666666666, 1435.3333333333333, 1325.6666666666667, 1236.0
0.4699356283782079,8, 741.0, 1447.875, 0.07625, 706.125, 788.5, 806.5, 1478.875, 1387.0, 1312.375
0.25,11, 863.5454545454545, 1523.0, 0.08827272727272727, 815.6363636363636, 920.0, 882.8181818181819, 1593.7272727272727, 1372.8181818181818, 1257.7272727272727
0.11457431215500621,21, 803.0, 1512.4761904761904, 0.0822857142857143, 772.5714285714286, 842.6666666666666, 811.1904761904761, 1555.142857142857, 1423.857142857143, 1358.904761904762
0.5232058376276886,3, 770.0, 1444.6666666666667, 0.07333333333333333, 744.0, 815.3333333333334, 840.6666666666666, 1479.0, 1378.3333333333333, 1311.0
0.004,8, 746.625, 1440.5, 0.07624999999999998, 714.75, 791.25, 791.875, 1490.0, 1374.25, 1329.875
0.8583333333333334,12, 760.5, 1489.8333333333333, 0.07083333333333332, 733.0833333333334, 797.3333333333334, 810.25, 1525.6666666666667, 1439.0, 1378.9166666666667
0.7924477861944679,4, 766.5, 1531.0, 0.09025000000000001, 739.75, 798.25, 782.0, 1568.0, 1461.75, 1376.25
0.9558498896247241,1, 764.0, 1578.0, 0.099, 740.0, 814.0, 819.0, 1608.0, 1505.0, 1386.0
0.0461236316271587,1, 843.0, 1431.0, 0.061, 820.0, 865.0, 835.0, 1526.0, 1311.0, 1265.0
0.21055693545331977,5, 810.6, 1427.8, 0.10600000000000001, 778.8, 868.4, 886.0, 1466.8, 1348.6, 1304.4
0.09732706075762634,1, 739.0, 1619.0, 0.05, 714.0, 767.0, 774.0, 1673.0, 1540.0, 1438.0
0.3975563909774436,1, 738.0, 1467.0, 0.06, 712.0, 781.0, 812.0, 1509.0, 1391.0, 1244.0
0.08950545727963642,2, 801.0, 1354.5, 0.09, 771.0, 841.5, 836.0, 1373.0, 1321.0, 1268.5
0.9,5, 776.6, 1399.6, 0.0782, 755.2, 793.8, 765.4, 1473.8, 1280.4, 1183.6
0.14556962025316456,1, 733.0, 1572.0, 0.08, 722.0, 742.0, 716.0, 1663.0, 1456.0, 1348.0
0.06573290878638645,7, 760.7142857142857, 1426.4285714285713, 0.05971428571428571, 769.8571428571429, 806.0, 879.2857142857143, 1509.2857142857142, 1405.2857142857142, 1351.5714285714287
0.9768518518518519,2, 819.5, 1161.5, 0.095, 791.5, 831.5, 819.5, 1196.5, 1145.5, 1167.0
0.853299856527977,2, 748.0, 1362.5, 0.1, 746.0, 750.5, 699.0, 1391.0, 1337.0, 1238.0
0.1721311475409836,10, 775.8, 1501.5, 0.0759, 755.2, 803.8, 809.9, 1538.4, 1427.1, 1336.0
0.4888888888888889,3, 771.0, 1526.0, 0.07300000000000001, 758.6666666666666, 782.0, 783.0, 1572.0, 1444.6666666666667, 1359.6666666666667
0.20978831347592225,6, 728.3333333333334, 1475.8333333333333, 0.06666666666666667, 712.5, 754.1666666666666, 749.1666666666666, 1511.6666666666667, 1405.3333333333333, 1319.0
0.018518518518518517,4, 742.25, 1517.25, 0.06525, 709.25, 782.25, 779.75, 1601.75, 1411.0, 1276.75
0.9199999999999999,2, 809.0, 1496.5, 0.0495, 785.0, 831.5, 822.5, 1528.0, 1414.0, 1332.5
0.23226773226773229,3, 825.6666666666666, 1399.3333333333333, 0.076, 809.6666666666666, 854.0, 831.3333333333334, 1456.0, 1300.3333333333333, 1199.0
0.7004124065641378,10, 771.2, 1518.1, 0.0713, 738.2, 826.1, 831.1, 1561.1, 1442.8, 1360.1
0.044642857142857144,3, 718.6666666666666, 1575.0, 0.08966666666666667, 701.3333333333334, 766.0, 776.6666666666666, 1623.0, 1478.3333333333333, 1362.6666666666667
0.7252567693744165,1, 755.0, 1613.0, 0.061, 720.0, 782.0, 727.0, 1674.0, 1508.0, 1441.0
0.5591230662924629,2, 830.5, 1489.0, 0.0805, 801.5, 863.5, 878.5, 1527.0, 1420.5, 1339.0
0.047573739295908656,4, 719.25, 1552.25, 0.0625, 679.25, 785.0, 809.75, 1612.75, 1466.5, 1317.0
0.9090909090909091,1, 574.0, 1580.0, 0.03, 574.0, 590.0, 604.0, 1580.0, 1570.0, 1562.0
0.30319148936170215,12, 740.0, 1412.75, 0.06500000000000002, 721.3333333333334, 757.5833333333334, 747.5833333333334, 1456.8333333333333, 1338.1666666666667, 1277.8333333333333
0.8914565826330532,1, 746.0, 1143.0, 0.12, 733.0, 799.0, 771.0, 1141.0, 1251.0, 1231.0
0.8333333333333333,4, 760.5, 1366.0, 0.057249999999999995, 721.5, 793.75, 789.0, 1389.0, 1328.0, 1275.5
0.0054466230936819175,5, 791.4, 1405.6, 0.0644, 760.6, 841.8, 865.6, 1448.2, 1336.6, 1278.4
0.875,12, 754.8333333333334, 1445.75, 0.07491666666666667, 719.1666666666666, 803.8333333333334, 837.0833333333334, 1473.5, 1392.8333333333333, 1331.3333333333333
0.016722408026755852,11, 745.1818181818181, 1575.7272727272727, 0.08254545454545453, 715.1818181818181, 795.5454545454545, 825.8181818181819, 1612.4545454545455, 1508.3636363636363, 1406.090909090909
0.007246376811594203,10, 748.4, 1502.0, 0.076, 726.3, 774.5, 753.3, 1547.1, 1416.2, 1339.5
0.45454545454545453,4, 824.75, 1213.0, 0.0975, 813.0, 842.5, 811.75, 1239.25, 1182.0, 1147.75
