0.0,1, 510.0, 1151.0, 0.05, 506.0, 516.0, 504.0, 1156.0, 1156.0, 1177.0
0.26754289597142034,127, 583.3543307086615, 1270.1811023622047, 0.048999999999999974, 587.9763779527559, 580.4566929133858, 561.8976377952756, 1278.5039370078741, 1272.9055118110236, 1276.8976377952756
1.0,1, 624.0, 1317.0, 0.07, 619.0, 610.0, 569.0, 1307.0, 1311.0, 1198.0
0.28797816531883524,88, 559.75, 1199.5681818181818, 0.04018181818181815, 559.0909090909091, 564.0795454545455, 569.0681818181819, 1225.8522727272727, 1219.625, 1228.4545454545455
0.07261164901661495,4, 622.5, 1158.25, 0.038, 624.25, 623.5, 675.75, 1166.5, 1146.5, 1155.75
0.989451476793249,32, 589.15625, 1237.71875, 0.060812500000000005, 590.46875, 603.65625, 601.625, 1246.34375, 1255.0625, 1259.3125
0.320503682584937,3, 512.0, 1398.0, 0.03, 512.0, 501.6666666666667, 494.0, 1398.0, 1376.0, 1361.3333333333333
0.20833333333333334,12, 620.3333333333334, 1178.4166666666667, 0.05075000000000001, 614.5, 626.0, 621.9166666666666, 1175.9166666666667, 1183.9166666666667, 1179.3333333333333
0.4827586206896552,2, 528.0, 1258.0, 0.046, 547.0, 525.5, 501.0, 1328.5, 1318.5, 1369.5
0.11904761904761904,27, 674.2222222222222, 1409.8148148148148, 0.040296296296296316, 683.2222222222222, 652.925925925926, 630.4074074074074, 1414.6296296296296, 1409.2222222222222, 1424.5925925925926
0.4857142857142857,1, 658.0, 1114.0, 0.04, 655.0, 670.0, 669.0, 1113.0, 1114.0, 1103.0
0.8685759145912924,12, 645.25, 1229.5833333333333, 0.04808333333333334, 655.3333333333334, 652.5833333333334, 657.3333333333334, 1233.9166666666667, 1236.1666666666667, 1231.8333333333333
0.5,18, 573.9444444444445, 1187.7777777777778, 0.04094444444444446, 612.2777777777778, 611.3333333333334, 610.0, 1223.388888888889, 1217.888888888889, 1218.2222222222222
0.9056603773584906,32, 577.78125, 1407.34375, 0.03500000000000002, 599.78125, 591.28125, 585.1875, 1464.34375, 1458.15625, 1462.78125
0.39601850516956444,12, 528.25, 1260.6666666666667, 0.04758333333333333, 578.1666666666666, 553.0833333333334, 536.3333333333334, 1335.3333333333333, 1334.3333333333333, 1362.25
0.4473684210526316,23, 592.5652173913044, 1199.304347826087, 0.038652173913043486, 592.2608695652174, 590.9130434782609, 577.0434782608696, 1198.304347826087, 1205.1304347826087, 1214.1739130434783
0.9324324324324325,19, 662.2631578947369, 1371.7894736842106, 0.05573684210526317, 673.2631578947369, 638.8947368421053, 627.578947368421, 1368.8947368421052, 1378.157894736842, 1407.5263157894738
0.037286724927174365,47, 583.9787234042553, 1318.2340425531916, 0.04282978723404256, 586.3829787234042, 574.7446808510638, 562.7872340425532, 1315.3617021276596, 1323.3617021276596, 1333.7446808510638
0.3638457203316736,1, 535.0, 1072.0, 0.04, 536.0, 533.0, 546.0, 1074.0, 1069.0, 1082.0
0.9901960784313726,2, 626.0, 1126.5, 0.05, 621.0, 634.5, 629.0, 1123.0, 1138.5, 1114.0
0.43993552669005404,7, 583.7142857142857, 1284.857142857143, 0.032857142857142856, 583.8571428571429, 579.1428571428571, 572.2857142857143, 1286.142857142857, 1272.2857142857142, 1262.0
0.5714285714285714,2, 595.5, 1214.5, 0.061, 589.5, 592.0, 583.5, 1207.0, 1210.0, 1208.0
0.3169086541174173,3, 594.6666666666666, 1188.6666666666667, 0.036333333333333336, 593.3333333333334, 598.6666666666666, 593.6666666666666, 1187.6666666666667, 1194.6666666666667, 1195.3333333333333
0.4699356283782079,8, 625.5, 1297.875, 0.04900000000000001, 630.0, 614.125, 574.0, 1303.0, 1296.25, 1281.125
0.25,10, 575.8, 1246.8, 0.05389999999999999, 570.2, 573.4, 603.6, 1248.7, 1257.9, 1326.7
0.11457431215500621,21, 622.3809523809524, 1201.8095238095239, 0.04900000000000001, 627.4285714285714, 633.8571428571429, 645.0, 1206.6190476190477, 1227.7619047619048, 1205.7619047619048
0.5232058376276886,3, 732.3333333333334, 1149.3333333333333, 0.063, 714.6666666666666, 770.0, 786.6666666666666, 1135.6666666666667, 1184.6666666666667, 1213.0
0.004,8, 489.75, 1268.375, 0.03125, 490.25, 480.875, 474.875, 1269.25, 1261.375, 1262.75
0.8583333333333334,12, 606.0833333333334, 1195.4166666666667, 0.04975000000000001, 603.25, 630.0833333333334, 641.5, 1186.0833333333333, 1224.75, 1243.6666666666667
0.7924477861944679,4, 439.75, 1283.25, 0.0295, 447.75, 447.5, 446.75, 1422.5, 1425.5, 1433.0
0.9558498896247241,1, 659.0, 1176.0, 0.04, 654.0, 689.0, 716.0, 1179.0, 1174.0, 1138.0
0.0461236316271587,1, 654.0, 1459.0, 0.03, 654.0, 652.0, 647.0, 1459.0, 1407.0, 1361.0
0.21055693545331977,5, 622.4, 1294.6, 0.05620000000000001, 623.8, 597.8, 557.2, 1293.0, 1293.4, 1273.8
0.09732706075762634,1, 595.0, 1117.0, 0.11, 570.0, 663.0, 652.0, 1079.0, 1317.0, 1580.0
0.3975563909774436,1, 593.0, 1496.0, 0.05, 585.0, 596.0, 591.0, 1479.0, 1516.0, 1525.0
0.08950545727963642,2, 580.5, 1086.0, 0.045, 590.5, 565.5, 553.0, 1085.0, 1086.5, 1065.5
0.9,5, 561.6, 1226.6, 0.0318, 563.6, 535.6, 512.0, 1229.8, 1215.4, 1205.4
0.14556962025316456,1, 560.0, 1209.0, 0.029, 560.0, 556.0, 552.0, 1209.0, 1202.0, 1204.0
0.06573290878638645,7, 558.4285714285714, 1209.142857142857, 0.04285714285714286, 659.2857142857143, 675.0, 687.4285714285714, 1463.5714285714287, 1508.0, 1573.857142857143
0.9768518518518519,2, 576.5, 1253.5, 0.05499999999999999, 579.0, 584.0, 564.0, 1238.0, 1253.0, 1243.0
0.853299856527977,2, 588.5, 1313.5, 0.064, 589.0, 599.5, 599.0, 1273.5, 1365.5, 1402.0
0.1721311475409836,10, 603.4, 1304.9, 0.046200000000000005, 601.6, 598.2, 572.9, 1295.3, 1310.9, 1289.4
0.4888888888888889,3, 581.6666666666666, 1219.6666666666667, 0.043333333333333335, 582.6666666666666, 567.0, 530.6666666666666, 1222.3333333333333, 1207.0, 1194.6666666666667
0.20978831347592225,6, 618.3333333333334, 1346.0, 0.06849999999999999, 607.0, 641.3333333333334, 636.6666666666666, 1318.6666666666667, 1378.3333333333333, 1346.6666666666667
0.018518518518518517,4, 522.0, 1377.25, 0.0595, 520.75, 530.75, 520.25, 1440.25, 1438.5, 1419.25
0.9199999999999999,2, 652.0, 1317.0, 0.0505, 657.5, 661.5, 620.0, 1277.0, 1412.0, 1427.0
0.23226773226773229,3, 612.3333333333334, 1240.3333333333333, 0.043333333333333335, 613.6666666666666, 605.3333333333334, 586.6666666666666, 1239.6666666666667, 1246.3333333333333, 1252.3333333333333
0.7004124065641378,10, 573.6, 1276.9, 0.0519, 584.0, 558.4, 553.6, 1292.3, 1266.3, 1267.5
0.044642857142857144,3, 633.3333333333334, 1108.6666666666667, 0.03966666666666666, 633.6666666666666, 630.0, 623.0, 1109.6666666666667, 1090.6666666666667, 1066.0
0.7252567693744165,1, 480.0, 1108.0, 0.04, 484.0, 481.0, 467.0, 1110.0, 1120.0, 1132.0
0.5591230662924629,2, 568.5, 1191.5, 0.07500000000000001, 572.0, 565.5, 560.0, 1174.0, 1221.5, 1232.5
0.047573739295908656,4, 678.75, 1252.5, 0.04725, 679.75, 672.0, 628.5, 1252.0, 1256.25, 1252.75
0.9090909090909091,1, 689.0, 1387.0, 0.03, 689.0, 710.0, 730.0, 1387.0, 1386.0, 1379.0
0.30319148936170215,12, 596.4166666666666, 1332.0833333333333, 0.048999999999999995, 607.1666666666666, 604.6666666666666, 598.4166666666666, 1341.9166666666667, 1355.3333333333333, 1364.1666666666667
0.8914565826330532,1, 518.0, 1183.0, 0.089, 518.0, 541.0, 586.0, 1166.0, 1258.0, 1285.0
0.8333333333333333,4, 479.0, 1313.25, 0.0295, 479.0, 475.75, 473.0, 1313.25, 1330.75, 1347.5
0.0054466230936819175,5, 629.8, 1310.4, 0.0498, 627.6, 638.4, 642.6, 1320.4, 1298.4, 1285.4
0.875,12, 629.1666666666666, 1208.5833333333333, 0.06008333333333334, 633.1666666666666, 620.25, 604.3333333333334, 1202.6666666666667, 1226.1666666666667, 1245.6666666666667
0.016722408026755852,11, 565.1818181818181, 1343.909090909091, 0.046272727272727285, 568.3636363636364, 546.7272727272727, 529.8181818181819, 1342.7272727272727, 1330.4545454545455, 1328.2727272727273
0.007246376811594203,10, 638.9, 1178.1, 0.0629, 633.5, 647.3, 661.5, 1174.8, 1196.0, 1223.4
0.45454545454545453,4, 632.75, 1363.75, 0.050249999999999996, 643.75, 635.0, 641.25, 1364.25, 1386.5, 1459.0
