0.0,1, 562.0, 1318.0, 0.031, 562.0, 557.0, 552.0, 1318.0, 1312.0, 1315.0
0.26754289597142034,21, 534.5714285714286, 1388.142857142857, 0.030000000000000016, 535.2857142857143, 536.0952380952381, 538.1904761904761, 1453.047619047619, 1447.7619047619048, 1437.3333333333333
0.4949186991869919,4, 485.0, 1507.0, 0.03, 485.0, 481.5, 479.75, 1506.75, 1494.0, 1487.5
0.07261164901661495,2, 665.5, 1581.5, 0.036000000000000004, 666.5, 656.0, 648.5, 1582.5, 1593.5, 1577.0
0.28797816531883524,41, 547.0, 1454.7073170731708, 0.03475609756097563, 614.9756097560976, 630.9268292682926, 648.0731707317074, 1581.0731707317073, 1590.9756097560976, 1628.1463414634147
0.3333333333333333,5, 710.8, 1353.8, 0.038, 711.4, 698.8, 678.8, 1347.4, 1379.6, 1394.6
0.9056603773584906,5, 575.4, 1591.0, 0.0322, 579.6, 571.4, 559.6, 1607.0, 1612.8, 1621.4
0.989451476793249,8, 573.0, 1588.25, 0.04125000000000001, 572.125, 577.0, 571.75, 1590.875, 1577.0, 1581.625
1.0,2, 731.5, 1616.0, 0.035, 723.0, 708.5, 663.0, 1592.0, 1592.0, 1591.0
0.320503682584937,1, 512.0, 1590.0, 0.039, 509.0, 522.0, 525.0, 1591.0, 1582.0, 1574.0
0.20833333333333334,4, 572.5, 1527.5, 0.0345, 571.25, 571.5, 579.75, 1525.0, 1539.0, 1563.5
0.4827586206896552,3, 501.6666666666667, 1376.6666666666667, 0.03266666666666667, 500.6666666666667, 508.0, 503.6666666666667, 1379.3333333333333, 1365.6666666666667, 1353.6666666666667
0.11904761904761904,31, 553.4193548387096, 1643.8064516129032, 0.03267741935483873, 560.3225806451613, 554.9354838709677, 587.0322580645161, 1734.8709677419354, 1744.4516129032259, 1771.8064516129032
0.23226773226773229,3, 590.3333333333334, 1465.0, 0.03, 590.3333333333334, 588.0, 587.3333333333334, 1465.0, 1482.3333333333333, 1491.6666666666667
0.7746112594346588,2, 569.5, 1567.0, 0.050499999999999996, 553.0, 611.0, 689.0, 1598.0, 1552.5, 1520.0
0.4857142857142857,1, 661.0, 1177.0, 0.03, 661.0, 657.0, 651.0, 1177.0, 1201.0, 1229.0
0.1875,6, 549.8333333333334, 1592.6666666666667, 0.031, 549.6666666666666, 548.8333333333334, 548.1666666666666, 1593.1666666666667, 1596.5, 1606.8333333333333
0.8685759145912924,14, 560.9285714285714, 1503.7857142857142, 0.03292857142857144, 608.2142857142857, 608.9285714285714, 603.6428571428571, 1561.4285714285713, 1564.357142857143, 1560.0714285714287
0.39601850516956444,3, 442.6666666666667, 1574.6666666666667, 0.03, 445.6666666666667, 438.0, 433.3333333333333, 1756.0, 1755.0, 1754.3333333333333
0.3858168631654727,1, 556.0, 1421.0, 0.03, 556.0, 568.0, 578.0, 1421.0, 1464.0, 1501.0
0.22993864229373032,1, 655.0, 1370.0, 0.031, 655.0, 642.0, 629.0, 1370.0, 1299.0, 1266.0
0.3638457203316736,3, 523.3333333333334, 1661.6666666666667, 0.03, 523.3333333333334, 523.3333333333334, 521.0, 1661.6666666666667, 1663.0, 1656.3333333333333
0.06097560975609756,1, 608.0, 1593.0, 0.03, 608.0, 606.0, 608.0, 1593.0, 1572.0, 1530.0
0.01825117263784198,2, 583.0, 1493.5, 0.03, 582.5, 580.5, 578.0, 1493.5, 1504.5, 1517.0
0.16866374487131666,1, 482.0, 1435.0, 0.03, 482.0, 485.0, 486.0, 1435.0, 1467.0, 1487.0
0.03568369968598344,1, 635.0, 1783.0, 0.03, 635.0, 631.0, 629.0, 1783.0, 1780.0, 1807.0
0.047573739295908656,2, 517.0, 1195.5, 0.03, 517.0, 512.0, 516.5, 1195.5, 1189.5, 1175.5
0.4304347826086956,4, 637.75, 1847.0, 0.03025, 637.75, 635.75, 632.0, 1847.0, 1832.75, 1807.75
0.9199999999999999,5, 542.4, 1295.4, 0.0304, 542.4, 527.8, 513.8, 1295.4, 1247.4, 1212.4
0.3169086541174173,3, 550.0, 1618.6666666666667, 0.029666666666666664, 551.0, 542.6666666666666, 493.6666666666667, 1806.0, 1847.0, 1828.0
0.25,1, 528.0, 1396.0, 0.03, 528.0, 538.0, 546.0, 1396.0, 1387.0, 1382.0
0.4888888888888889,6, 537.8333333333334, 1652.0, 0.035166666666666666, 533.8333333333334, 531.5, 519.1666666666666, 1651.6666666666667, 1648.5, 1635.5
0.11457431215500621,1, 576.0, 1197.0, 0.03, 576.0, 590.0, 595.0, 1197.0, 1183.0, 1163.0
0.24169246646026832,1, 408.0, 1379.0, 0.03, 408.0, 406.0, 407.0, 1379.0, 1402.0, 1415.0
0.8189551750463518,3, 580.6666666666666, 1555.3333333333333, 0.050333333333333334, 576.3333333333334, 591.3333333333334, 591.3333333333334, 1558.0, 1543.0, 1539.6666666666667
0.8583333333333334,4, 497.25, 1385.5, 0.02975, 499.0, 490.5, 478.75, 1427.75, 1410.5, 1390.25
0.7924477861944679,1, 527.0, 1470.0, 0.031, 527.0, 353.0, 360.0, 1470.0, 1203.0, 1224.0
0.9558498896247241,7, 462.57142857142856, 1425.0, 0.029857142857142856, 524.5714285714286, 515.4285714285714, 500.2857142857143, 1619.0, 1619.857142857143, 1627.4285714285713
0.03540179922937689,3, 549.3333333333334, 1629.3333333333333, 0.03, 549.0, 541.3333333333334, 560.6666666666666, 1694.3333333333333, 1669.3333333333333, 1674.6666666666667
0.0461236316271587,1, 522.0, 1798.0, 0.03, 505.0, 491.0, 487.0, 1708.0, 1679.0, 1651.0
0.09613819705639245,6, 554.0, 1742.1666666666667, 0.03, 622.3333333333334, 586.1666666666666, 551.5, 1850.1666666666667, 1823.8333333333333, 1784.3333333333333
0.6047008547008548,1, 654.0, 1579.0, 0.031, 654.0, 679.0, 731.0, 1579.0, 1574.0, 1571.0
0.0664819944598338,1, 508.0, 1373.0, 0.03, 508.0, 503.0, 495.0, 1373.0, 1370.0, 1366.0
0.9901960784313726,28, 574.8928571428571, 1483.2142857142858, 0.03139285714285716, 627.0714285714286, 621.4642857142857, 621.7142857142857, 1653.0714285714287, 1646.857142857143, 1649.2142857142858
0.16366612111292964,2, 551.5, 1603.5, 0.03, 551.5, 544.0, 535.0, 1603.5, 1624.0, 1646.5
0.21055693545331977,2, 534.5, 1555.5, 0.0305, 534.5, 520.0, 505.0, 1555.5, 1548.0, 1531.5
0.8166666666666667,4, 640.25, 1697.5, 0.03025, 639.0, 648.0, 654.75, 1690.5, 1661.0, 1636.0
0.21524064171122995,2, 521.0, 1443.0, 0.0305, 521.0, 507.5, 491.5, 1443.0, 1459.5, 1481.5
0.14556962025316456,2, 453.5, 1403.0, 0.03, 453.5, 449.5, 445.5, 1403.0, 1391.0, 1376.0
0.06573290878638645,2, 475.0, 1195.0, 0.0295, 475.0, 472.0, 470.0, 1195.0, 1210.0, 1220.0
0.9985696771557009,1, 492.0, 2365.0, 0.03, 492.0, 487.0, 485.0, 2365.0, 2405.0, 2439.0
0.9768518518518519,3, 576.6666666666666, 1384.3333333333333, 0.03366666666666667, 578.0, 564.6666666666666, 556.0, 1389.6666666666667, 1358.0, 1389.0
0.9324324324324325,1, 492.0, 1287.0, 0.03, 492.0, 492.0, 492.0, 1287.0, 1313.0, 1338.0
0.2582808742897702,1, 483.0, 1084.0, 0.029, 483.0, 485.0, 489.0, 1084.0, 1059.0, 1040.0
0.08250825082508251,3, 501.3333333333333, 1235.6666666666667, 0.03, 501.3333333333333, 490.3333333333333, 483.6666666666667, 1235.6666666666667, 1241.3333333333333, 1254.6666666666667
0.853299856527977,2, 632.5, 1497.0, 0.0295, 632.5, 621.5, 620.0, 1497.0, 1526.5, 1572.5
0.1721311475409836,4, 598.0, 1505.5, 0.03025, 598.0, 589.25, 578.5, 1505.5, 1496.75, 1478.0
0.01737228245385574,1, 586.0, 1594.0, 0.03, 586.0, 568.0, 547.0, 1594.0, 1624.0, 1644.0
0.0662940654052643,2, 476.0, 1503.0, 0.0305, 478.5, 474.0, 471.0, 1520.0, 1515.5, 1461.0
0.20978831347592225,6, 567.3333333333334, 1489.5, 0.033166666666666664, 567.5, 568.6666666666666, 575.8333333333334, 1486.6666666666667, 1496.8333333333333, 1497.8333333333333
0.09401709401709402,3, 534.3333333333334, 1479.0, 0.030333333333333334, 534.3333333333334, 523.6666666666666, 515.0, 1479.0, 1419.0, 1365.3333333333333
0.018518518518518517,2, 520.5, 1827.5, 0.03, 520.5, 522.5, 522.5, 1827.5, 1853.5, 1871.0
0.4473684210526316,7, 518.2857142857143, 1532.0, 0.03157142857142857, 518.0, 518.1428571428571, 516.1428571428571, 1532.142857142857, 1526.5714285714287, 1525.2857142857142
0.9,3, 582.3333333333334, 1496.0, 0.030333333333333334, 582.3333333333334, 549.0, 528.3333333333334, 1495.6666666666667, 1466.6666666666667, 1460.0
0.7004124065641378,3, 599.0, 1592.6666666666667, 0.03, 599.3333333333334, 593.0, 587.6666666666666, 1592.6666666666667, 1607.6666666666667, 1615.0
0.3468338725085468,1, 660.0, 1310.0, 0.029, 660.0, 653.0, 628.0, 1310.0, 1312.0, 1320.0
0.08950545727963642,5, 582.0, 1489.2, 0.0322, 581.8, 574.6, 566.6, 1489.6, 1482.8, 1473.4
0.5591230662924629,2, 499.0, 1558.5, 0.0295, 498.5, 492.5, 489.5, 1558.5, 1565.5, 1570.0
0.002472799208704253,1, 502.0, 1665.0, 0.03, 502.0, 503.0, 504.0, 1665.0, 1692.0, 1704.0
0.5,2, 570.0, 1231.0, 0.03, 570.0, 573.5, 576.5, 1231.0, 1223.5, 1214.5
0.0847457627118644,1, 581.0, 1170.0, 0.051, 587.0, 574.0, 551.0, 1183.0, 1184.0, 1170.0
0.8914565826330532,1, 607.0, 1664.0, 0.03, 607.0, 580.0, 559.0, 1664.0, 1654.0, 1652.0
0.8333333333333333,2, 580.0, 1547.5, 0.03, 580.5, 571.5, 561.0, 1547.5, 1505.0, 1464.0
0.037286724927174365,1, 566.0, 1446.0, 0.03, 566.0, 563.0, 567.0, 1446.0, 1450.0, 1459.0
0.5714285714285714,1, 581.0, 1393.0, 0.031, 616.0, 620.0, 622.0, 1540.0, 1539.0, 1543.0
0.0054466230936819175,2, 605.0, 1348.0, 0.03, 605.0, 604.5, 602.0, 1348.0, 1347.0, 1354.5
0.6976981351981353,1, 548.0, 1534.0, 0.03, 548.0, 533.0, 515.0, 1534.0, 1547.0, 1561.0
0.05963228348710511,1, 572.0, 1722.0, 0.031, 573.0, 580.0, 579.0, 1722.0, 1711.0, 1687.0
0.016722408026755852,2, 479.0, 1502.5, 0.0295, 479.0, 479.5, 480.5, 1502.5, 1507.5, 1519.5
0.007246376811594203,3, 544.6666666666666, 1245.3333333333333, 0.03, 544.6666666666666, 537.3333333333334, 528.0, 1245.3333333333333, 1254.3333333333333, 1256.0
0.6,2, 671.5, 1396.5, 0.03, 671.5, 672.0, 674.0, 1396.5, 1389.0, 1386.5
0.41485001407712074,1, 531.0, 1535.0, 0.03, 531.0, 527.0, 523.0, 1535.0, 1517.0, 1503.0
0.9915014164305949,1, 538.0, 1344.0, 0.03, 538.0, 509.0, 482.0, 1344.0, 1331.0, 1321.0
0.051490514905149054,5, 597.6, 1426.8, 0.030199999999999998, 595.8, 587.2, 574.4, 1438.2, 1435.4, 1433.6
