0.0,1, 462.0, 1805.0, 0.06, 462.0, 461.0, 454.0, 1801.0, 1744.0, 1678.0
0.43643745749829993,1, 461.0, 1481.0, 0.19, 426.0, 456.0, 453.0, 952.0, 1311.0, 1543.0
0.4304347826086956,4, 502.0, 2007.5, 0.15975, 463.25, 458.5, 473.25, 1986.25, 1912.25, 1979.0
0.07261164901661495,1, 474.0, 1816.0, 0.17, 484.0, 468.0, 460.0, 1755.0, 1847.0, 1631.0
0.28797816531883524,34, 562.3529411764706, 1501.264705882353, 0.11985294117647059, 566.9411764705883, 581.6764705882352, 604.1470588235294, 1310.0588235294117, 1151.7941176470588, 1129.6470588235295
0.9056603773584906,11, 532.5454545454545, 1623.7272727272727, 0.08090909090909092, 524.3636363636364, 516.4545454545455, 542.8181818181819, 1582.7272727272727, 1413.3636363636363, 1371.7272727272727
1.0,1, 508.0, 1299.0, 0.08, 527.0, 533.0, 543.0, 1184.0, 978.0, 944.0
0.16129032258064516,1, 510.0, 1792.0, 0.04, 510.0, 508.0, 486.0, 1792.0, 1724.0, 1695.0
0.20833333333333334,2, 497.0, 1867.0, 0.07500000000000001, 498.0, 514.5, 522.5, 1838.5, 1694.0, 1605.5
0.4827586206896552,1, 510.0, 1354.0, 0.11, 508.0, 494.0, 516.0, 999.0, 765.0, 832.0
0.26754289597142034,25, 565.76, 1546.68, 0.10688000000000003, 570.96, 565.2, 576.56, 1408.48, 1297.68, 1315.68
0.11904761904761904,1, 547.0, 1533.0, 0.061, 553.0, 592.0, 615.0, 1500.0, 1235.0, 1050.0
0.23226773226773229,1, 483.0, 1751.0, 0.109, 467.0, 478.0, 482.0, 1569.0, 1440.0, 1341.0
0.5145823094171409,1, 526.0, 1627.0, 0.13, 500.0, 524.0, 527.0, 1301.0, 1013.0, 872.0
0.11518225545177777,1, 450.0, 2079.0, 0.091, 437.0, 423.0, 401.0, 2087.0, 2017.0, 1918.0
0.4857142857142857,2, 403.0, 2022.5, 0.11399999999999999, 418.0, 431.5, 440.0, 1985.5, 1804.5, 1585.5
0.1875,1, 612.0, 1344.0, 0.11, 537.0, 602.0, 636.0, 1066.0, 850.0, 943.0
0.3858168631654727,1, 522.0, 1813.0, 0.051, 522.0, 520.0, 670.0, 1813.0, 1838.0, 1880.0
0.9324324324324325,1, 511.0, 1584.0, 0.1, 499.0, 524.0, 541.0, 1500.0, 1222.0, 1244.0
0.6666666666666666,2, 551.0, 1514.5, 0.0795, 587.0, 532.5, 534.0, 1627.5, 1336.5, 1199.5
0.22993864229373032,1, 455.0, 1685.0, 0.09, 455.0, 457.0, 500.0, 1685.0, 1471.0, 1492.0
0.9901960784313726,5, 472.8, 1721.8, 0.13840000000000002, 469.2, 492.6, 521.0, 1543.4, 1256.6, 1241.6
0.989451476793249,10, 547.6, 1553.1, 0.128, 544.6, 514.4, 533.6, 1403.0, 1217.5, 1227.0
0.43993552669005404,2, 488.0, 1929.0, 0.16499999999999998, 507.5, 527.0, 537.5, 1864.5, 1623.5, 1500.5
0.9985696771557009,2, 530.5, 1898.0, 0.1545, 478.0, 491.0, 488.5, 1662.0, 1441.0, 1356.0
0.01825117263784198,2, 501.5, 1740.0, 0.0755, 504.0, 510.0, 531.5, 1724.0, 1946.0, 2229.5
0.047573739295908656,6, 495.3333333333333, 1573.1666666666667, 0.07616666666666666, 485.3333333333333, 500.5, 530.3333333333334, 1494.3333333333333, 1181.5, 1080.8333333333333
0.5714285714285714,1, 396.0, 2438.0, 0.081, 428.0, 562.0, 693.0, 2456.0, 2409.0, 2294.0
0.9199999999999999,5, 481.2, 1635.6, 0.11640000000000002, 489.6, 502.0, 517.4, 1430.8, 1159.4, 1094.6
0.4699356283782079,1, 538.0, 1257.0, 0.11, 569.0, 632.0, 620.0, 1162.0, 1144.0, 1446.0
0.25,1, 528.0, 1349.0, 0.111, 575.0, 564.0, 488.0, 2182.0, 1742.0, 1557.0
0.4888888888888889,3, 497.0, 1811.3333333333333, 0.20966666666666667, 497.3333333333333, 504.0, 507.0, 1641.0, 1556.6666666666667, 1446.3333333333333
0.11457431215500621,5, 507.0, 1823.0, 0.192, 492.6, 482.6, 475.6, 1684.2, 1349.4, 1232.2
0.8189551750463518,2, 506.0, 1668.5, 0.09000000000000001, 515.5, 507.5, 495.5, 1677.0, 1544.0, 1491.5
0.8583333333333334,1, 488.0, 1816.0, 0.04, 488.0, 487.0, 483.0, 1816.0, 1689.0, 1756.0
0.7924477861944679,4, 560.0, 1913.25, 0.18, 547.5, 550.0, 547.25, 1814.75, 1642.25, 1419.5
0.9558498896247241,1, 455.0, 1300.0, 0.05, 459.0, 475.0, 498.0, 1430.0, 1095.0, 926.0
0.0461236316271587,3, 464.6666666666667, 1721.3333333333333, 0.20333333333333334, 459.3333333333333, 460.3333333333333, 509.6666666666667, 1356.0, 1186.6666666666667, 1418.6666666666667
0.09613819705639245,3, 522.6666666666666, 1522.0, 0.083, 518.0, 509.6666666666667, 544.3333333333334, 1415.0, 1304.0, 1414.6666666666667
0.8685759145912924,4, 489.5, 1308.25, 0.09050000000000001, 484.75, 508.25, 551.0, 1165.75, 959.0, 1030.0
0.16366612111292964,2, 536.0, 2022.0, 0.1895, 473.0, 484.5, 528.5, 1793.0, 1562.5, 1608.0
0.34014806386840046,1, 552.0, 1455.0, 0.04, 552.0, 538.0, 513.0, 1455.0, 1434.0, 1417.0
0.39601850516956444,1, 507.0, 1583.0, 0.09, 514.0, 495.0, 450.0, 1514.0, 1437.0, 1472.0
0.3975563909774436,3, 528.0, 1597.0, 0.10066666666666667, 529.0, 516.3333333333334, 518.0, 1438.0, 1356.6666666666667, 1404.0
0.9886561954624782,1, 599.0, 1945.0, 0.121, 439.0, 423.0, 417.0, 1814.0, 1620.0, 1502.0
0.08950545727963642,6, 568.8333333333334, 1595.5, 0.09633333333333334, 551.5, 586.0, 607.5, 1515.5, 1489.6666666666667, 1544.5
0.9,5, 535.0, 1677.2, 0.10400000000000001, 506.8, 514.4, 566.2, 1486.6, 1375.2, 1524.8
0.14556962025316456,1, 539.0, 1789.0, 0.17, 535.0, 480.0, 416.0, 1647.0, 1675.0, 1832.0
0.03540179922937689,1, 562.0, 1558.0, 0.059, 559.0, 519.0, 503.0, 1559.0, 1506.0, 1476.0
0.9768518518518519,3, 646.0, 1564.0, 0.06366666666666666, 651.6666666666666, 487.0, 507.3333333333333, 1592.6666666666667, 1326.0, 1236.6666666666667
0.2582808742897702,1, 587.0, 1861.0, 0.04, 587.0, 602.0, 622.0, 1861.0, 1946.0, 2002.0
0.853299856527977,2, 531.0, 1712.5, 0.13999999999999999, 508.5, 504.5, 537.0, 1626.5, 1458.0, 1375.0
0.1721311475409836,1, 500.0, 1519.0, 0.05, 500.0, 538.0, 599.0, 1519.0, 1351.0, 1299.0
0.01737228245385574,1, 476.0, 2147.0, 0.09, 438.0, 418.0, 404.0, 2137.0, 1820.0, 1540.0
0.0662940654052643,1, 521.0, 1803.0, 0.26, 479.0, 453.0, 466.0, 1632.0, 1664.0, 1535.0
0.09401709401709402,1, 448.0, 1946.0, 0.059, 449.0, 467.0, 543.0, 1947.0, 1896.0, 1871.0
0.018518518518518517,1, 494.0, 2023.0, 0.181, 449.0, 421.0, 419.0, 1418.0, 1604.0, 1730.0
0.002472799208704253,3, 506.6666666666667, 1522.3333333333333, 0.05000000000000001, 500.0, 516.3333333333334, 518.3333333333334, 1524.3333333333333, 1457.6666666666667, 1397.6666666666667
0.7004124065641378,3, 502.3333333333333, 1834.3333333333333, 0.09033333333333333, 504.3333333333333, 519.6666666666666, 544.6666666666666, 1735.0, 1588.0, 1533.0
0.3468338725085468,2, 485.0, 1734.5, 0.18, 544.5, 537.5, 541.0, 1644.5, 1499.0, 1298.0
0.044642857142857144,2, 497.5, 2099.0, 0.0895, 500.0, 488.0, 483.0, 2052.5, 2035.0, 2003.5
0.7252567693744165,1, 628.0, 1453.0, 0.09, 623.0, 503.0, 447.0, 1437.0, 1077.0, 1061.0
0.5591230662924629,1, 522.0, 1785.0, 0.08, 523.0, 497.0, 487.0, 1800.0, 1668.0, 1606.0
0.003323262839879154,3, 477.0, 2001.3333333333333, 0.11733333333333333, 456.6666666666667, 435.0, 420.0, 2069.0, 2026.3333333333333, 1957.6666666666667
0.5,1, 493.0, 1686.0, 0.129, 496.0, 487.0, 501.0, 1580.0, 1320.0, 1216.0
0.20978831347592225,1, 555.0, 1630.0, 0.061, 557.0, 554.0, 579.0, 1631.0, 1701.0, 1879.0
0.30319148936170215,1, 592.0, 1858.0, 0.08, 562.0, 550.0, 530.0, 1666.0, 1282.0, 1059.0
0.8914565826330532,2, 541.5, 1221.0, 0.11, 538.5, 545.5, 563.5, 1300.5, 982.5, 1033.0
0.8333333333333333,1, 504.0, 1607.0, 0.089, 471.0, 480.0, 518.0, 1458.0, 1216.0, 1151.0
0.037286724927174365,1, 515.0, 1451.0, 0.111, 488.0, 541.0, 580.0, 1198.0, 1083.0, 1239.0
0.5286233530213539,1, 444.0, 2302.0, 0.05, 444.0, 406.0, 404.0, 2302.0, 2213.0, 2159.0
0.875,1, 509.0, 1781.0, 0.141, 481.0, 483.0, 511.0, 1748.0, 1660.0, 1664.0
0.05963228348710511,3, 523.3333333333334, 1768.3333333333333, 0.12666666666666668, 519.6666666666666, 504.6666666666667, 516.0, 1511.3333333333333, 1252.0, 1218.0
0.3638457203316736,2, 430.0, 1716.0, 0.135, 457.0, 463.0, 541.0, 1406.0, 1059.0, 1130.5
0.03986826139712255,1, 571.0, 1795.0, 0.21, 583.0, 538.0, 558.0, 1480.0, 1140.0, 1263.0
0.9915014164305949,1, 445.0, 1932.0, 0.03, 445.0, 441.0, 440.0, 1932.0, 1925.0, 1926.0
