0.0,2, 554.0, 1758.5, 0.035, 552.5, 554.5, 545.5, 1758.0, 1761.0, 1762.0
0.28797816531883524,104, 600.0769230769231, 1968.3557692307693, 0.06012499999999999, 597.8653846153846, 604.4615384615385, 627.1634615384615, 1991.1538461538462, 1938.673076923077, 1851.4807692307693
0.26754289597142034,75, 570.8, 2016.9466666666667, 0.0523733333333333, 571.1066666666667, 565.5466666666666, 554.6266666666667, 2003.1866666666667, 2005.6933333333334, 1926.9066666666668
1.0,1, 553.0, 2002.0, 0.04, 554.0, 541.0, 525.0, 2002.0, 1995.0, 1982.0
0.43643745749829993,5, 590.2, 2247.8, 0.08800000000000001, 602.4, 574.2, 568.8, 2229.0, 2235.0, 2105.2
0.4949186991869919,4, 617.25, 1898.5, 0.03775, 620.5, 602.5, 579.0, 1893.5, 1922.5, 1938.25
0.4304347826086956,7, 613.4285714285714, 1901.0, 0.047, 611.2857142857143, 610.1428571428571, 598.7142857142857, 1893.2857142857142, 1906.5714285714287, 1883.2857142857142
0.07261164901661495,1, 577.0, 2052.0, 0.09, 556.0, 657.0, 677.0, 2039.0, 2096.0, 1997.0
0.9056603773584906,33, 599.0909090909091, 1996.6969696969697, 0.05272727272727275, 595.4545454545455, 593.7272727272727, 585.3636363636364, 1985.030303030303, 2026.7878787878788, 2032.5757575757575
0.16129032258064516,1, 557.0, 1470.0, 0.03, 557.0, 540.0, 528.0, 1470.0, 1506.0, 1529.0
0.20833333333333334,8, 586.75, 1966.875, 0.06, 579.25, 600.125, 608.125, 1944.625, 1939.625, 1928.25
0.3333333333333333,2, 653.0, 2172.0, 0.086, 634.5, 686.5, 690.0, 2170.5, 2012.5, 1638.5
0.4827586206896552,4, 564.5, 2135.25, 0.053, 543.75, 542.25, 533.0, 2161.75, 2234.75, 2238.75
0.11904761904761904,2, 577.5, 1961.5, 0.03, 591.5, 583.5, 574.5, 2166.0, 2193.5, 2219.5
0.23226773226773229,3, 558.0, 2240.0, 0.09033333333333332, 564.3333333333334, 550.3333333333334, 552.3333333333334, 2225.0, 2174.3333333333335, 2152.0
0.5145823094171409,1, 498.0, 2157.0, 0.1, 507.0, 515.0, 492.0, 2138.0, 2142.0, 2001.0
0.11518225545177777,1, 561.0, 2373.0, 0.231, 566.0, 582.0, 667.0, 2370.0, 2307.0, 2019.0
0.4857142857142857,5, 561.6, 2245.4, 0.0738, 551.0, 578.0, 566.6, 2224.0, 2221.6, 2106.2
0.1875,1, 509.0, 2382.0, 0.04, 507.0, 516.0, 513.0, 2386.0, 2368.0, 2371.0
0.5,4, 638.5, 2016.75, 0.03775, 623.5, 627.5, 612.0, 2033.75, 1958.75, 1883.75
-0.0032147828574918907,10, 578.3, 2041.7, 0.04999999999999999, 582.8, 564.6, 540.6, 2043.6, 2052.6, 2029.8
0.4473684210526316,5, 596.2, 1932.4, 0.044, 592.2, 608.2, 603.0, 1941.4, 1911.6, 1835.0
0.3858168631654727,3, 640.3333333333334, 2051.3333333333335, 0.043333333333333335, 647.3333333333334, 647.6666666666666, 636.0, 2086.0, 2084.6666666666665, 2067.0
0.9324324324324325,1, 627.0, 2132.0, 0.101, 602.0, 662.0, 669.0, 2120.0, 2159.0, 2088.0
0.6666666666666666,2, 517.0, 2168.0, 0.035, 516.5, 519.5, 518.0, 2169.5, 2147.5, 2118.0
0.037286724927174365,2, 506.0, 1526.5, 0.03, 506.0, 502.0, 497.0, 1526.5, 1511.0, 1495.0
0.22993864229373032,1, 565.0, 2320.0, 0.03, 565.0, 567.0, 567.0, 2320.0, 2282.0, 2260.0
0.9901960784313726,6, 587.6666666666666, 2692.8333333333335, 0.09849999999999999, 608.6666666666666, 570.8333333333334, 586.0, 2776.1666666666665, 2414.3333333333335, 2398.1666666666665
0.989451476793249,13, 577.3076923076923, 2275.3076923076924, 0.0816923076923077, 575.3076923076923, 589.4615384615385, 608.6153846153846, 2257.4615384615386, 2246.076923076923, 2163.3846153846152
0.3638457203316736,10, 619.2, 1869.0, 0.057800000000000004, 607.2, 626.0, 609.8, 1839.7, 1914.6, 1889.2
0.43993552669005404,9, 582.4444444444445, 2075.5555555555557, 0.044444444444444446, 581.3333333333334, 573.3333333333334, 551.7777777777778, 2127.3333333333335, 2178.1111111111113, 2168.4444444444443
0.06097560975609756,2, 584.5, 1965.5, 0.065, 585.0, 582.5, 576.5, 1958.5, 1957.5, 1917.0
0.9985696771557009,3, 584.0, 2446.3333333333335, 0.10733333333333332, 593.0, 575.0, 572.6666666666666, 2431.3333333333335, 2381.0, 2297.3333333333335
0.01825117263784198,4, 548.25, 2000.0, 0.0825, 544.5, 560.0, 582.5, 1990.5, 2017.25, 1922.0
0.8685759145912924,11, 577.6363636363636, 1934.4545454545455, 0.08727272727272728, 585.9090909090909, 566.3636363636364, 558.4545454545455, 1926.1818181818182, 1960.0, 1841.909090909091
0.03568369968598344,1, 657.0, 1792.0, 0.061, 658.0, 661.0, 657.0, 1719.0, 1893.0, 1968.0
0.047573739295908656,14, 605.5714285714286, 2055.214285714286, 0.05835714285714287, 609.0714285714286, 602.3571428571429, 595.7857142857143, 2024.5714285714287, 2056.285714285714, 1960.7857142857142
0.5714285714285714,2, 562.5, 1897.0, 0.07, 561.0, 574.5, 604.5, 1892.0, 1916.5, 1894.0
0.9199999999999999,7, 603.1428571428571, 2209.0, 0.04700000000000001, 597.8571428571429, 608.0, 600.4285714285714, 2215.285714285714, 2173.8571428571427, 2128.714285714286
0.4699356283782079,1, 539.0, 2415.0, 0.08, 672.0, 509.0, 487.0, 2391.0, 2386.0, 2275.0
0.25,1, 514.0, 1897.0, 0.03, 514.0, 511.0, 509.0, 1897.0, 1892.0, 1903.0
0.4888888888888889,5, 549.0, 2053.8, 0.07999999999999999, 544.2, 555.2, 556.2, 2019.4, 2088.0, 2042.2
0.11457431215500621,7, 583.1428571428571, 2319.0, 0.11014285714285714, 585.1428571428571, 601.0, 640.8571428571429, 2332.8571428571427, 2366.8571428571427, 2268.714285714286
0.5232058376276886,3, 562.6666666666666, 2059.0, 0.06666666666666667, 583.3333333333334, 546.6666666666666, 542.0, 2155.3333333333335, 2187.3333333333335, 2122.0
0.24169246646026832,2, 699.5, 1723.5, 0.03, 699.5, 692.0, 678.5, 1723.5, 1740.0, 1746.0
0.004,1, 481.0, 1958.0, 0.03, 481.0, 481.0, 479.0, 1958.0, 1914.0, 1861.0
0.8189551750463518,2, 621.0, 2267.5, 0.0795, 625.0, 613.5, 586.5, 2246.0, 2266.5, 2163.5
0.8583333333333334,2, 540.0, 2230.0, 0.125, 595.5, 516.0, 529.5, 2253.5, 2242.0, 2148.5
0.7924477861944679,5, 632.4, 1902.6, 0.05820000000000001, 624.6, 636.8, 619.0, 1875.2, 1928.2, 1943.2
0.9558498896247241,3, 637.6666666666666, 2242.3333333333335, 0.07333333333333333, 684.6666666666666, 630.0, 687.6666666666666, 2240.3333333333335, 2214.3333333333335, 2110.3333333333335
0.03540179922937689,2, 681.0, 1780.0, 0.035, 681.0, 681.0, 679.0, 1780.0, 1774.0, 1761.5
0.0461236316271587,5, 592.6, 2298.2, 0.096, 597.4, 565.4, 560.0, 2297.4, 2285.2, 2229.2
0.09613819705639245,7, 556.7142857142857, 1906.0, 0.048285714285714286, 556.7142857142857, 551.5714285714286, 550.7142857142857, 1885.2857142857142, 1944.5714285714287, 1897.4285714285713
0.0664819944598338,1, 634.0, 1856.0, 0.05, 626.0, 635.0, 595.0, 1834.0, 1890.0, 1884.0
0.9768518518518519,3, 621.0, 1988.6666666666667, 0.05333333333333334, 675.0, 570.0, 544.0, 2017.0, 2033.6666666666667, 1941.3333333333333
0.16366612111292964,3, 552.6666666666666, 2040.6666666666667, 0.09733333333333334, 550.6666666666666, 602.0, 615.6666666666666, 2006.0, 2156.0, 1931.0
0.34014806386840046,2, 594.0, 2262.0, 0.0595, 603.0, 609.0, 737.5, 2366.0, 2298.5, 2564.0
0.21055693545331977,1, 536.0, 1873.0, 0.04, 529.0, 531.0, 532.0, 1882.0, 1929.0, 1935.0
0.09732706075762634,1, 540.0, 1749.0, 0.04, 540.0, 535.0, 516.0, 1747.0, 1755.0, 1752.0
0.39601850516956444,4, 591.75, 1900.5, 0.05975, 572.75, 602.0, 594.75, 1973.0, 1945.25, 1878.0
0.3975563909774436,3, 578.6666666666666, 2144.6666666666665, 0.09333333333333334, 583.6666666666666, 564.3333333333334, 554.0, 2152.6666666666665, 2111.3333333333335, 2044.6666666666667
0.9886561954624782,3, 559.0, 2475.3333333333335, 0.11299999999999999, 656.0, 536.3333333333334, 551.6666666666666, 2598.6666666666665, 2419.6666666666665, 2297.3333333333335
0.08950545727963642,12, 561.9166666666666, 2012.6666666666667, 0.04341666666666666, 560.75, 560.8333333333334, 556.25, 2029.9166666666667, 1987.6666666666667, 1932.5833333333333
0.9,10, 544.3, 2253.1, 0.0703, 549.0, 559.9, 583.6, 2244.6, 2229.9, 2156.3
0.14556962025316456,2, 503.0, 1794.5, 0.0295, 503.0, 498.5, 493.5, 1794.5, 1767.0, 1710.5
0.06573290878638645,3, 636.0, 1706.6666666666667, 0.04, 637.3333333333334, 628.6666666666666, 641.3333333333334, 1694.0, 1732.0, 1737.0
0.2582808742897702,2, 614.0, 1688.5, 0.03, 614.0, 582.0, 552.5, 1688.0, 1706.5, 1716.5
0.853299856527977,2, 578.5, 1707.0, 0.04, 580.0, 562.0, 543.0, 1704.5, 1722.0, 1729.5
0.1721311475409836,2, 592.0, 2163.5, 0.08049999999999999, 767.0, 494.5, 627.0, 2159.5, 2220.5, 2326.5
0.01737228245385574,1, 637.0, 1945.0, 0.04, 639.0, 622.0, 576.0, 1944.0, 1980.0, 1952.0
0.0662940654052643,1, 776.0, 2127.0, 0.111, 916.0, 574.0, 621.0, 1991.0, 2279.0, 2274.0
0.20978831347592225,2, 604.5, 2234.5, 0.0695, 601.0, 610.0, 615.0, 2242.0, 2211.0, 2108.5
0.09401709401709402,5, 610.6, 1911.2, 0.066, 672.8, 619.0, 592.6, 2007.6, 2022.2, 1937.2
0.018518518518518517,1, 631.0, 2165.0, 0.05, 628.0, 627.0, 626.0, 2205.0, 2110.0, 1985.0
0.002472799208704253,10, 583.4, 1983.3, 0.0509, 597.4, 574.4, 571.1, 1983.5, 1943.8, 1927.5
0.7004124065641378,4, 590.75, 2088.25, 0.0625, 601.25, 572.25, 572.25, 2046.5, 2132.25, 2087.25
0.3468338725085468,3, 525.0, 2407.6666666666665, 0.08666666666666667, 925.3333333333334, 802.6666666666666, 631.3333333333334, 2636.6666666666665, 2558.3333333333335, 2220.0
0.5555555555555556,5, 563.2, 2055.8, 0.049800000000000004, 582.6, 577.2, 608.4, 2033.0, 2058.2, 1972.8
0.044642857142857144,3, 611.6666666666666, 2590.6666666666665, 0.10999999999999999, 607.3333333333334, 607.6666666666666, 595.6666666666666, 2623.0, 2459.0, 2252.3333333333335
0.7252567693744165,2, 573.0, 2171.0, 0.10500000000000001, 576.5, 564.0, 598.5, 2341.5, 2203.0, 2022.5
0.5591230662924629,2, 504.0, 2577.0, 0.1005, 522.5, 507.0, 525.5, 2582.0, 2594.5, 2486.5
0.003323262839879154,4, 588.75, 2025.25, 0.062000000000000006, 587.25, 583.75, 562.0, 2008.5, 2030.75, 1977.5
0.0847457627118644,2, 598.0, 1967.0, 0.04, 599.5, 591.0, 579.0, 1935.0, 2015.0, 1989.0
0.9090909090909091,2, 569.5, 1754.5, 0.045, 573.0, 562.5, 546.0, 1695.0, 1825.5, 1831.5
0.30319148936170215,1, 595.0, 1783.0, 0.061, 596.0, 617.0, 543.0, 1734.0, 1875.0, 1949.0
0.8914565826330532,5, 559.0, 2087.6, 0.058199999999999995, 553.8, 567.8, 554.4, 2088.0, 2062.0, 1875.0
0.8333333333333333,2, 550.5, 2150.5, 0.0445, 541.5, 557.0, 541.5, 2103.5, 2125.0, 2103.5
0.5286233530213539,1, 513.0, 2114.0, 0.091, 565.0, 574.0, 572.0, 2105.0, 2057.0, 2026.0
0.0054466230936819175,1, 627.0, 1748.0, 0.03, 627.0, 622.0, 610.0, 1748.0, 1764.0, 1765.0
0.6976981351981353,1, 515.0, 1838.0, 0.03, 515.0, 510.0, 503.0, 1838.0, 1826.0, 1817.0
0.875,2, 564.5, 2115.5, 0.08, 569.0, 561.0, 541.5, 2116.5, 2156.0, 2046.0
0.05963228348710511,6, 538.6666666666666, 2045.5, 0.07016666666666667, 545.8333333333334, 520.8333333333334, 524.6666666666666, 2025.6666666666667, 2097.8333333333335, 2029.0
0.016722408026755852,4, 534.5, 1759.0, 0.04, 537.0, 521.75, 505.0, 1755.5, 1771.75, 1757.0
0.03986826139712255,3, 539.0, 1840.0, 0.04, 536.6666666666666, 533.6666666666666, 520.3333333333334, 1838.0, 1828.3333333333333, 1792.0
0.06119523026890933,1, 570.0, 1938.0, 0.04, 569.0, 576.0, 586.0, 1937.0, 1946.0, 1931.0
0.9915014164305949,3, 572.6666666666666, 2044.6666666666667, 0.050333333333333334, 577.3333333333334, 576.3333333333334, 551.3333333333334, 2032.6666666666667, 2142.0, 2140.6666666666665
0.2583779621670076,2, 556.5, 1956.5, 0.09, 556.5, 572.5, 588.5, 1866.5, 2156.5, 1894.5
0.051490514905149054,5, 629.2, 1925.0, 0.0758, 636.0, 617.0, 610.2, 1972.8, 1960.2, 1898.2
