0.28797816531883524,23, 662.3913043478261, 1880.2608695652175, 0.03047826086956523, 663.2608695652174, 676.3913043478261, 694.4347826086956, 1908.8260869565217, 1901.5217391304348, 1895.7391304347825
0.0,1, 510.0, 1793.0, 0.03, 510.0, 517.0, 526.0, 1793.0, 1777.0, 1766.0
1.0,1, 570.0, 1686.0, 0.04, 571.0, 560.0, 541.0, 1687.0, 1680.0, 1669.0
0.4304347826086956,2, 697.5, 1779.5, 0.0305, 697.5, 732.0, 784.0, 1779.5, 1768.0, 1803.0
0.07261164901661495,2, 513.0, 1815.0, 0.03, 513.0, 515.0, 520.5, 1815.0, 1807.0, 1800.5
0.989451476793249,4, 540.75, 1665.25, 0.02975, 576.75, 587.5, 596.5, 1823.25, 1836.0, 1837.0
0.3333333333333333,1, 1588.0, 2872.0, 0.03, 1588.0, 1551.0, 1502.0, 2872.0, 2850.0, 2830.0
0.23226773226773229,1, 482.0, 1564.0, 0.03, 482.0, 487.0, 501.0, 1564.0, 1600.0, 1635.0
0.5145823094171409,3, 709.3333333333334, 1847.3333333333333, 0.03, 709.3333333333334, 760.0, 775.6666666666666, 1847.3333333333333, 1910.6666666666667, 1946.6666666666667
0.11904761904761904,5, 531.8, 1707.8, 0.0298, 531.8, 553.2, 589.4, 1707.8, 1719.4, 1748.8
0.26754289597142034,7, 525.0, 1729.4285714285713, 0.03328571428571429, 528.2857142857143, 532.7142857142857, 536.2857142857143, 1855.7142857142858, 1842.2857142857142, 1837.7142857142858
0.5,3, 715.0, 1683.3333333333333, 0.029666666666666664, 746.6666666666666, 741.6666666666666, 730.3333333333334, 1788.6666666666667, 1775.0, 1749.6666666666667
-0.0032147828574918907,2, 526.5, 1611.5, 0.03, 526.5, 529.0, 532.5, 1611.5, 1609.5, 1599.5
0.3858168631654727,1, 577.0, 1616.0, 0.04, 576.0, 581.0, 575.0, 1621.0, 1587.0, 1552.0
0.9056603773584906,3, 606.6666666666666, 1552.0, 0.029333333333333333, 606.3333333333334, 609.3333333333334, 613.6666666666666, 1552.0, 1546.0, 1544.6666666666667
0.3638457203316736,1, 606.0, 1663.0, 0.029, 606.0, 608.0, 611.0, 1663.0, 1658.0, 1655.0
0.43993552669005404,2, 577.5, 1584.0, 0.03, 577.5, 583.5, 590.0, 1584.0, 1584.5, 1590.0
0.8685759145912924,2, 581.0, 1955.5, 0.029, 581.0, 619.5, 660.5, 1955.5, 1999.5, 2030.5
0.3169086541174173,1, 520.0, 1832.0, 0.04, 519.0, 521.0, 518.0, 1837.0, 1807.0, 1820.0
0.4699356283782079,2, 544.0, 1655.0, 0.0295, 544.0, 547.5, 558.0, 1655.0, 1650.5, 1648.5
0.25,1, 607.0, 1772.0, 0.029, 607.0, 620.0, 659.0, 1772.0, 1804.0, 1895.0
0.11457431215500621,2, 540.5, 1810.0, 0.0345, 546.0, 555.5, 561.0, 1933.5, 1960.5, 2000.0
0.5232058376276886,2, 531.0, 1631.5, 0.03, 509.5, 521.0, 607.5, 1763.0, 1794.0, 1932.0
0.8189551750463518,2, 536.0, 1804.0, 0.029, 536.0, 544.5, 570.0, 1804.0, 1790.0, 1773.0
0.9558498896247241,1, 536.0, 1746.0, 0.04, 533.0, 562.0, 589.0, 1748.0, 1723.0, 1707.0
0.851063829787234,1, 525.0, 1795.0, 0.029, 525.0, 512.0, 498.0, 1795.0, 1788.0, 1777.0
0.39601850516956444,2, 496.0, 1691.5, 0.0295, 1330.5, 1303.0, 1253.0, 3521.0, 3465.0, 3410.5
0.3975563909774436,3, 534.3333333333334, 1860.3333333333333, 0.03333333333333333, 534.0, 536.3333333333334, 540.3333333333334, 1861.3333333333333, 1848.6666666666667, 1834.3333333333333
0.9886561954624782,5, 539.8, 1630.6, 0.03, 593.0, 581.8, 570.6, 1764.2, 1752.4, 1738.8
0.06573290878638645,3, 532.0, 1855.3333333333333, 0.03366666666666667, 532.0, 534.3333333333334, 537.0, 1857.0, 1847.6666666666667, 1852.0
0.1721311475409836,1, 499.0, 1706.0, 0.029, 499.0, 501.0, 505.0, 1706.0, 1703.0, 1696.0
0.9901960784313726,6, 560.1666666666666, 1692.8333333333333, 0.03166666666666667, 560.3333333333334, 563.6666666666666, 572.8333333333334, 1693.6666666666667, 1679.8333333333333, 1666.0
0.01737228245385574,2, 512.0, 1514.0, 0.035, 543.5, 523.0, 618.0, 1747.0, 1657.0, 1700.0
0.0662940654052643,4, 569.0, 1684.75, 0.03025, 569.0, 576.25, 578.75, 1685.0, 1681.75, 1680.0
0.002472799208704253,1, 576.0, 1626.0, 0.04, 574.0, 582.0, 590.0, 1631.0, 1615.0, 1597.0
0.9199999999999999,2, 576.5, 1734.5, 0.03, 576.5, 574.5, 574.5, 1734.5, 1742.0, 1746.5
0.7252567693744165,1, 562.0, 1866.0, 0.03, 562.0, 568.0, 575.0, 1866.0, 1873.0, 1869.0
0.30319148936170215,2, 537.5, 1741.5, 0.0345, 538.5, 536.0, 537.0, 1741.0, 1760.0, 1725.5
0.8914565826330532,3, 498.6666666666667, 1624.6666666666667, 0.043333333333333335, 497.0, 503.0, 516.0, 1622.3333333333333, 1595.3333333333333, 1536.6666666666667
0.4888888888888889,1, 535.0, 1584.0, 0.029, 535.0, 535.0, 537.0, 1584.0, 1583.0, 1584.0
0.5714285714285714,1, 481.0, 1874.0, 0.03, 481.0, 486.0, 484.0, 1874.0, 1898.0, 1923.0
0.0054466230936819175,3, 559.3333333333334, 1742.3333333333333, 0.03333333333333333, 559.0, 553.0, 554.0, 1743.0, 1741.3333333333333, 1735.3333333333333
0.6976981351981353,1, 614.0, 1658.0, 0.03, 614.0, 618.0, 623.0, 1658.0, 1675.0, 1694.0
0.08950545727963642,1, 543.0, 1945.0, 0.04, 612.0, 478.0, 593.0, 2011.0, 1899.0, 2026.0
0.06119523026890933,1, 507.0, 1817.0, 0.049, 513.0, 511.0, 542.0, 1790.0, 1823.0, 1837.0
0.051490514905149054,1, 487.0, 1828.0, 0.06, 489.0, 507.0, 614.0, 1871.0, 1840.0, 2046.0
