0.28797816531883524,23, 712.0869565217391, 1646.695652173913, 0.03891304347826088, 714.2608695652174, 690.4782608695652, 657.8260869565217, 1634.6521739130435, 1700.0434782608695, 1759.5652173913043
0.0,1, 680.0, 1762.0, 0.03, 680.0, 661.0, 638.0, 1762.0, 1783.0, 1797.0
1.0,1, 706.0, 1562.0, 0.041, 707.0, 684.0, 639.0, 1557.0, 1599.0, 1648.0
0.4304347826086956,2, 688.5, 1566.0, 0.04, 699.0, 674.5, 662.5, 1544.5, 1602.0, 1601.5
0.07261164901661495,2, 723.0, 1906.5, 0.045, 741.5, 689.5, 640.0, 1888.0, 1996.0, 2114.0
0.989451476793249,4, 659.75, 1595.25, 0.04, 662.0, 643.5, 615.25, 1583.25, 1631.0, 1662.75
0.3333333333333333,1, 759.0, 1498.0, 0.069, 757.0, 735.0, 605.0, 1452.0, 1574.0, 1660.0
0.23226773226773229,1, 672.0, 1493.0, 0.03, 672.0, 660.0, 647.0, 1493.0, 1517.0, 1543.0
0.5145823094171409,3, 716.3333333333334, 1598.3333333333333, 0.049666666666666665, 721.3333333333334, 703.3333333333334, 655.0, 1579.0, 1614.0, 1657.3333333333333
0.11904761904761904,5, 667.2, 1578.6, 0.04, 672.6, 641.2, 604.0, 1556.4, 1657.0, 1731.2
0.26754289597142034,7, 752.8571428571429, 1702.142857142857, 0.048285714285714286, 782.0, 709.0, 636.1428571428571, 1718.0, 1763.5714285714287, 1774.4285714285713
0.5,3, 694.0, 1681.6666666666667, 0.043666666666666666, 722.3333333333334, 680.0, 641.3333333333334, 1740.0, 1766.6666666666667, 1772.3333333333333
-0.0032147828574918907,2, 702.0, 1620.0, 0.04, 707.5, 676.0, 630.5, 1599.5, 1669.0, 1703.0
0.3858168631654727,1, 696.0, 1578.0, 0.05, 698.0, 691.0, 669.0, 1531.0, 1638.0, 1683.0
0.9056603773584906,3, 779.6666666666666, 1522.6666666666667, 0.05266666666666667, 784.6666666666666, 747.6666666666666, 647.6666666666666, 1475.0, 1602.0, 1670.6666666666667
0.3638457203316736,1, 623.0, 1753.0, 0.029, 623.0, 611.0, 600.0, 1753.0, 1769.0, 1784.0
0.43993552669005404,2, 723.5, 1557.0, 0.05, 737.0, 691.0, 611.0, 1519.0, 1600.0, 1638.5
0.8685759145912924,2, 672.5, 1713.0, 0.031, 672.5, 647.0, 617.5, 1713.0, 1747.5, 1779.5
0.3169086541174173,1, 729.0, 1678.0, 0.04, 735.0, 684.0, 667.0, 1670.0, 1745.0, 1911.0
0.4699356283782079,2, 661.5, 1749.5, 0.0295, 661.5, 654.5, 647.0, 1749.5, 1774.0, 1798.5
0.25,1, 826.0, 1599.0, 0.07, 813.0, 785.0, 631.0, 1570.0, 1518.0, 1200.0
0.11457431215500621,2, 706.5, 1572.5, 0.055, 705.5, 699.5, 664.0, 1536.5, 1632.0, 1717.0
0.5232058376276886,2, 635.0, 1527.5, 0.04, 645.5, 614.5, 594.0, 1513.0, 1551.0, 1556.0
0.8189551750463518,2, 682.0, 1732.0, 0.03, 682.0, 669.5, 655.5, 1732.0, 1768.5, 1802.5
0.9558498896247241,1, 802.0, 1679.0, 0.03, 802.0, 783.0, 761.0, 1679.0, 1713.0, 1745.0
0.851063829787234,1, 640.0, 1928.0, 0.061, 653.0, 620.0, 571.0, 1900.0, 1975.0, 2015.0
0.39601850516956444,2, 734.5, 1537.0, 0.055, 736.0, 720.0, 641.5, 1488.5, 1609.0, 1716.5
0.3975563909774436,3, 694.6666666666666, 1623.0, 0.04633333333333334, 695.6666666666666, 688.0, 665.0, 1606.0, 1674.3333333333333, 1737.6666666666667
0.9886561954624782,5, 744.4, 1753.6, 0.0398, 746.4, 724.6, 678.0, 1738.4, 1785.2, 1835.8
0.06573290878638645,3, 719.3333333333334, 1658.3333333333333, 0.036666666666666674, 706.0, 850.3333333333334, 983.6666666666666, 1680.0, 1936.6666666666667, 2202.3333333333335
0.1721311475409836,1, 707.0, 1651.0, 0.031, 707.0, 688.0, 672.0, 1651.0, 1684.0, 1705.0
0.9901960784313726,6, 730.1666666666666, 1610.0, 0.037, 733.1666666666666, 710.8333333333334, 683.0, 1600.1666666666667, 1649.3333333333333, 1691.3333333333333
0.01737228245385574,2, 773.0, 1485.0, 0.05, 787.0, 739.0, 660.0, 1452.5, 1541.5, 1641.0
0.0662940654052643,4, 723.0, 1689.75, 0.037500000000000006, 725.75, 702.0, 676.75, 1682.75, 1737.75, 1781.0
0.002472799208704253,1, 675.0, 1778.0, 0.031, 675.0, 650.0, 632.0, 1778.0, 1796.0, 1810.0
0.9199999999999999,2, 651.5, 1662.5, 0.0295, 651.5, 640.0, 628.0, 1662.0, 1687.0, 1706.5
0.7252567693744165,1, 594.0, 1859.0, 0.03, 594.0, 585.0, 575.0, 1859.0, 1891.0, 1924.0
0.30319148936170215,2, 717.5, 1657.0, 0.035, 719.0, 696.5, 673.0, 1652.5, 1697.0, 1738.5
0.8914565826330532,3, 733.0, 1671.0, 0.05666666666666667, 745.3333333333334, 707.6666666666666, 625.6666666666666, 1684.3333333333333, 1612.0, 1629.0
0.4888888888888889,1, 725.0, 1561.0, 0.05, 727.0, 719.0, 708.0, 1521.0, 1625.0, 1695.0
0.5714285714285714,1, 807.0, 1560.0, 0.04, 810.0, 781.0, 734.0, 1551.0, 1627.0, 1685.0
0.0054466230936819175,3, 690.3333333333334, 1719.6666666666667, 0.04666666666666667, 704.3333333333334, 669.6666666666666, 669.6666666666666, 1714.3333333333333, 1723.0, 1761.6666666666667
0.6976981351981353,1, 726.0, 1594.0, 0.031, 726.0, 710.0, 685.0, 1594.0, 1631.0, 1676.0
0.08950545727963642,1, 897.0, 1655.0, 0.06, 878.0, 849.0, 699.0, 1584.0, 1651.0, 1683.0
0.06119523026890933,1, 725.0, 1578.0, 0.031, 725.0, 711.0, 697.0, 1578.0, 1620.0, 1654.0
0.051490514905149054,1, 636.0, 1759.0, 0.04, 637.0, 624.0, 603.0, 1749.0, 1815.0, 1861.0
