0.0,1, 437.0, 2544.0, 0.42, 437.0, 503.0, 868.0, 2543.0, 2460.0, 2633.0
0.26754289597142034,17, 498.2352941176471, 2290.6470588235293, 0.1063529411764706, 531.6470588235294, 505.2352941176471, 582.2941176470588, 2338.9411764705883, 2268.4117647058824, 2289.823529411765
0.07261164901661495,1, 440.0, 2299.0, 0.14, 443.0, 423.0, 418.0, 2254.0, 2281.0, 2269.0
0.16129032258064516,2, 430.5, 2360.0, 0.07500000000000001, 436.0, 426.5, 461.5, 2360.5, 2307.5, 2020.5
1.0,1, 422.0, 1990.0, 0.03, 422.0, 423.0, 424.0, 1990.0, 2014.0, 2043.0
0.7746112594346588,3, 547.0, 2332.3333333333335, 0.07966666666666668, 556.6666666666666, 524.0, 477.6666666666667, 2319.3333333333335, 2354.6666666666665, 2306.0
0.5,2, 488.0, 2571.0, 0.1255, 493.5, 487.0, 496.0, 2575.5, 2580.5, 2712.0
0.4473684210526316,5, 508.4, 2149.0, 0.0418, 509.0, 507.6, 519.2, 2139.4, 2157.2, 2139.6
0.28797816531883524,18, 500.55555555555554, 2302.1666666666665, 0.11555555555555556, 528.1666666666666, 490.1111111111111, 500.8888888888889, 2316.6111111111113, 2302.8333333333335, 2281.8888888888887
0.06097560975609756,1, 433.0, 2090.0, 0.08, 432.0, 437.0, 506.0, 2110.0, 2019.0, 1918.0
0.16866374487131666,1, 424.0, 2431.0, 0.16, 431.0, 422.0, 417.0, 2426.0, 2455.0, 2309.0
0.24169246646026832,1, 500.0, 2598.0, 0.15, 494.0, 578.0, 763.0, 2597.0, 2581.0, 2261.0
0.4304347826086956,1, 468.0, 2473.0, 0.099, 463.0, 498.0, 523.0, 2469.0, 2433.0, 2316.0
0.029940119760479042,1, 433.0, 2378.0, 0.139, 436.0, 398.0, 450.0, 2372.0, 2359.0, 2277.0
0.09613819705639245,1, 503.0, 2208.0, 0.071, 505.0, 494.0, 499.0, 2182.0, 2232.0, 2133.0
0.0664819944598338,1, 541.0, 2433.0, 0.24, 543.0, 516.0, 483.0, 2425.0, 2374.0, 2115.0
0.11904761904761904,2, 480.0, 2282.5, 0.055, 530.5, 503.0, 807.0, 2281.5, 2357.0, 2503.5
0.34014806386840046,1, 478.0, 2842.0, 0.1, 485.0, 448.0, 481.0, 2878.0, 2780.0, 2658.0
0.21055693545331977,1, 516.0, 2071.0, 0.039, 515.0, 518.0, 523.0, 2074.0, 2033.0, 1914.0
0.08950545727963642,6, 466.8333333333333, 2401.6666666666665, 0.08683333333333333, 472.0, 449.5, 530.8333333333334, 2383.3333333333335, 2399.6666666666665, 2347.0
0.9985696771557009,2, 486.0, 2516.0, 0.1495, 485.5, 474.5, 730.0, 2512.0, 2495.0, 2350.5
0.43993552669005404,1, 443.0, 2614.0, 0.08, 447.0, 427.0, 411.0, 2610.0, 2646.0, 2408.0
0.9768518518518519,1, 421.0, 2412.0, 0.07, 422.0, 419.0, 453.0, 2372.0, 2438.0, 2132.0
0.9056603773584906,1, 474.0, 2474.0, 0.13, 474.0, 484.0, 523.0, 2495.0, 2250.0, 2037.0
0.08250825082508251,1, 447.0, 2625.0, 0.11, 450.0, 444.0, 440.0, 2559.0, 2724.0, 2767.0
0.1721311475409836,5, 485.4, 2845.6, 0.11779999999999999, 487.0, 456.0, 467.0, 2829.4, 2698.4, 2459.2
0.09401709401709402,1, 508.0, 2436.0, 0.1, 510.0, 492.0, 935.0, 2429.0, 2458.0, 2728.0
0.002472799208704253,2, 536.0, 2001.5, 0.0695, 533.5, 545.5, 549.5, 1990.0, 2074.5, 2034.5
0.5555555555555556,1, 459.0, 2568.0, 0.109, 439.0, 467.0, 456.0, 2539.0, 2417.0, 1762.0
0.044642857142857144,1, 496.0, 2124.0, 0.06, 496.0, 465.0, 648.0, 2134.0, 2093.0, 1945.0
0.7004124065641378,2, 480.0, 2784.0, 0.22500000000000003, 484.0, 727.0, 455.5, 2751.5, 2648.0, 2605.5
0.003323262839879154,1, 451.0, 2567.0, 0.299, 453.0, 431.0, 406.0, 2563.0, 2618.0, 2557.0
0.0847457627118644,3, 498.0, 2504.0, 0.12033333333333335, 496.6666666666667, 498.6666666666667, 635.3333333333334, 2484.6666666666665, 2503.0, 2243.6666666666665
0.037286724927174365,2, 534.0, 2342.0, 0.115, 525.5, 783.0, 528.0, 2314.0, 2378.0, 2137.5
0.5286233530213539,2, 427.0, 2132.5, 0.05500000000000001, 424.5, 420.0, 386.5, 2104.5, 2136.0, 1946.5
0.875,2, 451.0, 2852.5, 0.13, 462.5, 428.0, 395.0, 2834.0, 2850.0, 2726.0
0.9901960784313726,1, 465.0, 2554.0, 0.14, 457.0, 450.0, 432.0, 2506.0, 2795.0, 2473.0
0.007246376811594203,2, 545.0, 2495.0, 0.0545, 546.5, 539.0, 528.0, 2462.0, 2510.5, 2573.0
0.9,1, 457.0, 2372.0, 0.06, 458.0, 489.0, 604.0, 2385.0, 2327.0, 2254.0
0.03986826139712255,1, 489.0, 2313.0, 0.24, 495.0, 440.0, 464.0, 2315.0, 2390.0, 2301.0
0.45454545454545453,3, 486.0, 2383.0, 0.10333333333333335, 488.3333333333333, 459.3333333333333, 445.6666666666667, 2353.6666666666665, 2415.6666666666665, 2230.0
0.9915014164305949,1, 448.0, 2643.0, 0.121, 458.0, 414.0, 431.0, 2629.0, 2789.0, 2823.0
