0.0,5, 580.8, 1510.2, 0.0622, 579.6, 582.4, 607.4, 1521.6, 1470.6, 1426.4
0.28797816531883524,320, 594.509375, 1556.859375, 0.0711562499999999, 600.340625, 596.453125, 620.76875, 1583.0125, 1580.05, 1604.121875
0.26754289597142034,311, 585.3408360128617, 1543.3569131832796, 0.064636655948553, 587.0032154340836, 583.6591639871383, 609.0643086816721, 1553.4694533762058, 1540.3987138263665, 1584.0578778135048
1.0,11, 620.0, 1622.7272727272727, 0.061818181818181835, 621.5454545454545, 619.3636363636364, 625.4545454545455, 1601.7272727272727, 1669.909090909091, 1691.1818181818182
0.43643745749829993,1, 689.0, 1279.0, 0.04, 690.0, 686.0, 677.0, 1279.0, 1260.0, 1208.0
0.4949186991869919,6, 588.1666666666666, 1520.3333333333333, 0.078, 589.6666666666666, 578.3333333333334, 614.8333333333334, 1513.6666666666667, 1528.6666666666667, 1530.1666666666667
0.4304347826086956,13, 579.7692307692307, 1590.1538461538462, 0.09076923076923077, 585.4615384615385, 566.3076923076923, 555.3846153846154, 1578.7692307692307, 1620.2307692307693, 1622.1538461538462
0.07261164901661495,12, 600.1666666666666, 1487.1666666666667, 0.06325, 595.5, 613.0833333333334, 633.5, 1482.1666666666667, 1496.3333333333333, 1520.1666666666667
0.3333333333333333,8, 653.25, 1485.125, 0.036000000000000004, 652.25, 652.375, 655.125, 1479.0, 1501.375, 1523.25
0.9056603773584906,46, 611.2608695652174, 1527.4347826086957, 0.0632391304347826, 615.1739130434783, 604.6739130434783, 609.1739130434783, 1531.3478260869565, 1512.3478260869565, 1505.804347826087
0.989451476793249,31, 573.741935483871, 1403.4193548387098, 0.08751612903225807, 575.5806451612904, 577.4193548387096, 584.7741935483871, 1419.9032258064517, 1382.9354838709678, 1382.8709677419354
0.320503682584937,3, 629.0, 1395.6666666666667, 0.12333333333333334, 632.0, 642.0, 625.0, 1396.0, 1431.3333333333333, 1421.0
0.16129032258064516,1, 523.0, 1248.0, 0.2, 531.0, 511.0, 567.0, 1273.0, 1349.0, 1353.0
0.20833333333333334,5, 604.2, 1641.2, 0.13419999999999999, 607.2, 601.0, 574.4, 1639.2, 1614.8, 1650.4
0.4827586206896552,1, 548.0, 1598.0, 0.1, 549.0, 514.0, 528.0, 1557.0, 1750.0, 1846.0
0.11904761904761904,17, 595.7058823529412, 1537.764705882353, 0.1075294117647059, 596.2352941176471, 588.1764705882352, 611.0, 1545.1764705882354, 1548.6470588235295, 1532.235294117647
0.23226773226773229,8, 594.75, 1588.625, 0.06875, 599.5, 589.5, 617.125, 1577.125, 1595.5, 1643.0
0.7746112594346588,1, 628.0, 1363.0, 0.1, 630.0, 657.0, 774.0, 1394.0, 1287.0, 1314.0
0.5145823094171409,4, 584.75, 1550.0, 0.18, 590.0, 586.5, 557.5, 1574.25, 1502.0, 1542.0
0.11518225545177777,4, 603.25, 1381.5, 0.08750000000000001, 610.0, 584.25, 581.0, 1398.75, 1354.25, 1348.5
0.4473684210526316,26, 622.3461538461538, 1603.8076923076924, 0.08988461538461541, 626.0384615384615, 610.1923076923077, 660.2692307692307, 1598.076923076923, 1628.423076923077, 1685.7692307692307
0.4857142857142857,1, 606.0, 1605.0, 0.07, 628.0, 549.0, 550.0, 1577.0, 1665.0, 1659.0
0.1875,1, 592.0, 1502.0, 0.04, 594.0, 584.0, 584.0, 1506.0, 1457.0, 1350.0
0.8685759145912924,25, 562.84, 1672.08, 0.08276, 572.32, 545.92, 537.96, 1671.2, 1683.08, 1715.44
-0.0032147828574918907,5, 616.6, 1504.2, 0.09780000000000001, 639.0, 624.8, 657.8, 1522.0, 1487.0, 1575.8
0.39601850516956444,18, 555.8333333333334, 1680.388888888889, 0.08327777777777778, 562.8888888888889, 553.4444444444445, 601.0, 1708.3333333333333, 1714.4444444444443, 1795.8333333333333
0.3858168631654727,7, 537.7142857142857, 1538.7142857142858, 0.06142857142857144, 540.1428571428571, 545.5714285714286, 572.1428571428571, 1552.0, 1541.5714285714287, 1631.7142857142858
0.9324324324324325,12, 547.0, 1643.25, 0.08849999999999998, 544.5, 546.5, 558.5, 1643.6666666666667, 1630.25, 1636.9166666666667
0.6666666666666666,2, 554.5, 1560.0, 0.0345, 555.5, 545.5, 538.5, 1560.5, 1557.5, 1548.5
0.037286724927174365,16, 618.75, 1424.6875, 0.09306250000000002, 627.6875, 605.75, 613.3125, 1437.125, 1418.375, 1480.875
0.9558498896247241,12, 606.0833333333334, 1574.0833333333333, 0.10175000000000001, 613.1666666666666, 598.1666666666666, 622.6666666666666, 1590.0, 1548.25, 1583.6666666666667
0.22993864229373032,6, 610.8333333333334, 1644.0, 0.11516666666666665, 616.8333333333334, 575.5, 586.3333333333334, 1645.0, 1686.6666666666667, 1763.1666666666667
0.9901960784313726,7, 510.85714285714283, 1504.0, 0.10414285714285713, 511.7142857142857, 508.85714285714283, 565.5714285714286, 1528.2857142857142, 1461.5714285714287, 1577.2857142857142
0.3638457203316736,2, 597.5, 1495.0, 0.055, 599.5, 599.0, 623.5, 1490.5, 1502.5, 1540.0
0.43993552669005404,9, 595.1111111111111, 1541.111111111111, 0.08655555555555555, 598.5555555555555, 586.1111111111111, 611.0, 1533.3333333333333, 1583.7777777777778, 1634.7777777777778
0.06097560975609756,8, 563.75, 1603.625, 0.098875, 564.25, 570.25, 594.0, 1604.875, 1616.75, 1617.0
0.20978831347592225,11, 577.2727272727273, 1505.4545454545455, 0.06636363636363635, 580.3636363636364, 572.1818181818181, 569.4545454545455, 1511.090909090909, 1485.6363636363637, 1498.8181818181818
0.9,58, 593.0, 1491.2241379310344, 0.10455172413793103, 597.1379310344828, 589.8793103448276, 619.6034482758621, 1491.2413793103449, 1485.9310344827586, 1508.2241379310344
0.9985696771557009,10, 569.6, 1539.8, 0.12189999999999998, 569.0, 570.8, 589.6, 1553.5, 1512.1, 1449.8
0.01825117263784198,5, 592.8, 1559.4, 0.0836, 594.8, 581.2, 583.4, 1553.4, 1560.4, 1565.6
0.16866374487131666,2, 568.0, 1606.5, 0.0645, 575.5, 539.5, 510.0, 1596.5, 1649.0, 1708.5
0.03568369968598344,5, 578.0, 1534.0, 0.0984, 576.0, 586.2, 603.8, 1536.6, 1523.4, 1529.8
0.047573739295908656,22, 607.5454545454545, 1374.409090909091, 0.07681818181818184, 612.7272727272727, 603.6363636363636, 632.7272727272727, 1384.409090909091, 1372.9545454545455, 1423.6818181818182
0.5714285714285714,10, 582.4, 1563.5, 0.13779999999999998, 602.5, 575.0, 566.9, 1593.2, 1574.5, 1549.9
0.9199999999999999,8, 567.75, 1417.625, 0.050125, 569.125, 565.25, 572.0, 1429.25, 1389.25, 1384.75
0.3169086541174173,6, 596.8333333333334, 1393.1666666666667, 0.07633333333333334, 610.3333333333334, 608.6666666666666, 598.6666666666666, 1512.8333333333333, 1423.5, 1389.8333333333333
0.4699356283782079,8, 591.0, 1426.875, 0.10762500000000001, 593.5, 579.0, 574.625, 1427.5, 1437.75, 1462.25
0.25,6, 569.6666666666666, 1619.3333333333333, 0.06483333333333334, 579.5, 579.6666666666666, 672.6666666666666, 1651.3333333333333, 1645.1666666666667, 1698.6666666666667
0.4888888888888889,21, 585.0, 1623.1904761904761, 0.10485714285714287, 589.5714285714286, 561.8571428571429, 556.3809523809524, 1625.7619047619048, 1635.6666666666667, 1647.047619047619
0.11457431215500621,4, 563.0, 1308.0, 0.17675, 562.75, 592.0, 615.75, 1317.0, 1316.5, 1363.5
0.5232058376276886,4, 553.25, 1497.0, 0.16975, 554.0, 551.0, 546.75, 1510.5, 1487.5, 1507.5
0.24169246646026832,4, 623.25, 1404.0, 0.03225, 625.5, 602.75, 586.0, 1404.25, 1410.0, 1416.75
0.004,10, 542.4, 1594.9, 0.0388, 545.1, 536.6, 533.7, 1589.5, 1588.6, 1594.0
0.8189551750463518,10, 573.8, 1654.5, 0.06810000000000001, 577.7, 568.3, 577.5, 1672.9, 1635.3, 1655.7
0.8583333333333334,4, 598.25, 1761.25, 0.05525, 600.0, 593.0, 613.75, 1770.25, 1769.5, 1771.75
0.7924477861944679,8, 587.25, 1469.75, 0.12625, 598.25, 613.25, 629.75, 1483.25, 1502.625, 1528.0
0.029940119760479042,4, 560.5, 1128.25, 0.0305, 560.5, 568.0, 575.75, 1128.25, 1131.75, 1155.75
0.851063829787234,4, 591.5, 1182.25, 0.032, 591.0, 590.0, 588.75, 1184.75, 1170.5, 1180.0
0.03540179922937689,7, 573.5714285714286, 1382.0, 0.08571428571428572, 574.4285714285714, 579.0, 588.7142857142857, 1388.142857142857, 1387.857142857143, 1450.2857142857142
0.0461236316271587,2, 805.0, 1263.0, 0.1555, 796.5, 830.0, 743.0, 1261.5, 1276.5, 1358.0
0.09613819705639245,1, 548.0, 1071.0, 0.03, 548.0, 546.0, 544.0, 1071.0, 1050.0, 1029.0
0.6047008547008548,5, 569.2, 1641.0, 0.0656, 575.8, 562.4, 561.6, 1659.4, 1633.6, 1699.4
0.0664819944598338,3, 592.0, 1494.6666666666667, 0.05966666666666667, 601.6666666666666, 575.3333333333334, 598.0, 1487.3333333333333, 1513.6666666666667, 1532.3333333333333
0.16366612111292964,11, 562.2727272727273, 1601.8181818181818, 0.11009090909090911, 564.8181818181819, 561.2727272727273, 583.1818181818181, 1604.5454545454545, 1605.090909090909, 1601.4545454545455
0.34014806386840046,5, 562.8, 1701.6, 0.068, 566.8, 552.2, 554.8, 1698.4, 1682.8, 1661.8
0.21055693545331977,2, 590.0, 1102.5, 0.0755, 587.5, 601.0, 632.5, 1113.0, 1114.0, 1274.0
0.09732706075762634,4, 592.0, 1410.25, 0.16775, 594.75, 577.0, 663.75, 1401.0, 1373.75, 1628.5
0.3975563909774436,12, 602.3333333333334, 1549.1666666666667, 0.08916666666666669, 606.8333333333334, 592.0833333333334, 596.0, 1541.3333333333333, 1557.5833333333333, 1555.8333333333333
0.21524064171122995,2, 558.5, 1548.5, 0.08499999999999999, 562.5, 557.5, 560.0, 1559.0, 1566.0, 1656.5
0.08950545727963642,19, 605.0526315789474, 1535.1052631578948, 0.056315789473684215, 601.8947368421053, 626.0526315789474, 590.0, 1537.1052631578948, 1543.157894736842, 1514.6315789473683
0.14556962025316456,2, 599.0, 1609.5, 0.0905, 602.0, 583.0, 573.0, 1607.0, 1574.5, 1623.0
0.06573290878638645,2, 681.0, 1463.5, 0.08549999999999999, 708.0, 658.5, 662.0, 1534.0, 1477.0, 1475.5
0.9768518518518519,1, 540.0, 1000.0, 0.031, 540.0, 534.0, 524.0, 1000.0, 974.0, 948.0
0.2582808742897702,2, 592.5, 1512.0, 0.046, 596.0, 585.5, 580.0, 1507.0, 1523.0, 1521.0
0.08250825082508251,8, 592.625, 1543.125, 0.08987500000000001, 601.625, 607.875, 583.25, 1632.5, 1611.0, 1630.5
0.853299856527977,6, 563.3333333333334, 1605.3333333333333, 0.1035, 564.6666666666666, 559.3333333333334, 599.8333333333334, 1626.1666666666667, 1525.3333333333333, 1606.8333333333333
0.1721311475409836,5, 592.2, 1574.2, 0.09219999999999999, 593.6, 591.6, 593.2, 1569.8, 1578.4, 1549.0
0.01737228245385574,3, 579.0, 1365.0, 0.06333333333333334, 586.6666666666666, 567.0, 575.3333333333334, 1371.6666666666667, 1376.3333333333333, 1461.3333333333333
0.0662940654052643,7, 610.8571428571429, 1504.4285714285713, 0.05828571428571429, 615.8571428571429, 611.5714285714286, 594.2857142857143, 1498.2857142857142, 1532.0, 1572.5714285714287
0.09401709401709402,10, 594.1, 1466.9, 0.09519999999999999, 596.6, 590.6, 580.9, 1479.9, 1427.4, 1473.4
0.018518518518518517,1, 553.0, 1438.0, 0.55, 553.0, 595.0, 685.0, 1425.0, 1648.0, 1654.0
0.002472799208704253,13, 596.6923076923077, 1505.3846153846155, 0.10169230769230769, 602.3846153846154, 585.0769230769231, 587.4615384615385, 1521.4615384615386, 1487.6153846153845, 1477.076923076923
0.7004124065641378,10, 582.8, 1522.7, 0.12210000000000001, 585.1, 586.4, 608.5, 1530.1, 1517.2, 1529.2
0.3468338725085468,8, 590.375, 1665.75, 0.07325000000000001, 588.125, 592.375, 586.5, 1664.25, 1671.0, 1688.75
0.5555555555555556,5, 588.0, 1322.2, 0.0504, 588.0, 586.4, 590.0, 1332.6, 1302.4, 1299.6
0.044642857142857144,6, 611.3333333333334, 1532.1666666666667, 0.08850000000000001, 611.5, 600.8333333333334, 591.5, 1538.1666666666667, 1518.1666666666667, 1561.3333333333333
0.7252567693744165,2, 628.0, 1450.0, 0.185, 615.0, 653.0, 713.5, 1422.5, 1619.0, 1579.0
0.5591230662924629,4, 593.75, 1567.0, 0.0695, 605.75, 595.5, 601.5, 1564.0, 1592.25, 1599.0
0.003323262839879154,1, 570.0, 1636.0, 0.039, 568.0, 584.0, 594.0, 1637.0, 1628.0, 1656.0
0.5,6, 589.0, 1677.0, 0.05333333333333334, 590.1666666666666, 586.3333333333334, 593.5, 1660.5, 1700.5, 1653.6666666666667
0.0847457627118644,3, 617.6666666666666, 1555.0, 0.11599999999999999, 615.6666666666666, 628.0, 836.3333333333334, 1542.0, 1610.3333333333333, 1979.6666666666667
0.9090909090909091,9, 616.4444444444445, 1451.6666666666667, 0.119, 624.3333333333334, 639.5555555555555, 636.6666666666666, 1441.0, 1448.5555555555557, 1494.111111111111
0.30319148936170215,6, 556.5, 1511.6666666666667, 0.155, 562.1666666666666, 549.3333333333334, 537.8333333333334, 1515.6666666666667, 1563.5, 1676.8333333333333
0.8914565826330532,10, 601.4, 1636.6, 0.0688, 601.9, 606.9, 621.0, 1637.9, 1633.4, 1631.4
0.8333333333333333,3, 606.3333333333334, 1440.3333333333333, 0.056999999999999995, 608.0, 610.0, 622.0, 1441.3333333333333, 1435.3333333333333, 1474.3333333333333
0.5286233530213539,4, 602.5, 1533.75, 0.0555, 607.0, 602.25, 601.0, 1526.5, 1542.0, 1554.75
0.935483870967742,3, 609.0, 1757.6666666666667, 0.03, 609.3333333333334, 602.3333333333334, 596.6666666666666, 1758.0, 1774.3333333333333, 1788.3333333333333
0.0054466230936819175,6, 566.6666666666666, 1448.3333333333333, 0.075, 568.1666666666666, 569.0, 633.5, 1450.0, 1452.0, 1476.8333333333333
0.6976981351981353,2, 590.5, 1577.5, 0.0595, 606.5, 553.0, 548.0, 1578.5, 1589.0, 1626.0
0.875,12, 579.0, 1472.75, 0.15975000000000003, 583.6666666666666, 589.5833333333334, 585.4166666666666, 1481.3333333333333, 1489.1666666666667, 1508.8333333333333
0.05963228348710511,3, 578.6666666666666, 1528.0, 0.043000000000000003, 575.6666666666666, 580.0, 565.3333333333334, 1518.3333333333333, 1542.3333333333333, 1547.6666666666667
0.016722408026755852,8, 600.375, 1540.25, 0.08374999999999999, 606.0, 585.875, 581.25, 1523.0, 1549.125, 1596.375
0.007246376811594203,9, 595.2222222222222, 1463.2222222222222, 0.09333333333333332, 602.4444444444445, 587.3333333333334, 577.0, 1459.0, 1489.6666666666667, 1514.6666666666667
0.6,6, 605.0, 1579.8333333333333, 0.09683333333333333, 612.6666666666666, 602.5, 733.3333333333334, 1572.5, 1542.1666666666667, 1568.6666666666667
0.41485001407712074,2, 671.5, 1447.0, 0.045, 675.5, 672.0, 671.5, 1465.0, 1404.0, 1313.5
0.03986826139712255,5, 570.4, 1259.0, 0.06000000000000001, 573.0, 561.2, 578.4, 1265.2, 1230.6, 1236.0
0.45454545454545453,3, 630.0, 1586.3333333333333, 0.06966666666666667, 626.3333333333334, 647.6666666666666, 672.0, 1584.0, 1564.0, 1539.0
0.06119523026890933,5, 591.0, 1569.8, 0.0696, 593.0, 591.6, 611.4, 1619.8, 1556.0, 1602.8
0.9915014164305949,2, 634.5, 1471.0, 0.18, 641.0, 631.0, 755.0, 1483.0, 1475.0, 1404.0
0.2583779621670076,3, 576.0, 1491.0, 0.09300000000000001, 576.6666666666666, 571.6666666666666, 579.6666666666666, 1520.6666666666667, 1508.6666666666667, 1511.0
0.051490514905149054,12, 555.9166666666666, 1610.6666666666667, 0.09150000000000001, 562.1666666666666, 550.9166666666666, 558.6666666666666, 1613.5833333333333, 1647.75, 1681.4166666666667
