0.0,2, 540.0, 1489.5, 0.03, 540.0, 548.5, 558.0, 1489.5, 1457.0, 1425.0
0.28797816531883524,79, 587.2911392405064, 1633.4177215189873, 0.04431645569620252, 608.7341772151899, 596.126582278481, 600.620253164557, 1701.7088607594937, 1636.3164556962026, 1624.5443037974683
1.0,1, 541.0, 1767.0, 0.03, 541.0, 536.0, 530.0, 1767.0, 1710.0, 1655.0
0.02082912411450186,2, 531.0, 1635.0, 0.0345, 531.5, 526.5, 514.0, 1638.5, 1636.5, 1630.0
0.43643745749829993,1, 612.0, 1485.0, 0.04, 611.0, 616.0, 599.0, 1489.0, 1512.0, 1569.0
0.4949186991869919,1, 570.0, 1474.0, 0.03, 570.0, 572.0, 572.0, 1474.0, 1442.0, 1414.0
0.4304347826086956,7, 593.7142857142857, 1766.857142857143, 0.03457142857142857, 610.0, 610.0, 602.8571428571429, 1835.857142857143, 1799.857142857143, 1762.4285714285713
0.07261164901661495,5, 566.2, 1520.4, 0.03560000000000001, 563.2, 568.4, 567.0, 1524.2, 1503.6, 1501.8
0.3333333333333333,9, 590.1111111111111, 1603.6666666666667, 0.033555555555555554, 593.5555555555555, 589.3333333333334, 594.5555555555555, 1639.7777777777778, 1584.6666666666667, 1535.6666666666667
0.320503682584937,1, 552.0, 1602.0, 0.05, 543.0, 563.0, 575.0, 1668.0, 1626.0, 1727.0
0.20833333333333334,1, 620.0, 1559.0, 0.03, 620.0, 618.0, 615.0, 1559.0, 1512.0, 1466.0
0.4827586206896552,1, 624.0, 1377.0, 0.041, 619.0, 654.0, 680.0, 1397.0, 1255.0, 1161.0
0.26754289597142034,109, 569.9633027522935, 1646.9816513761468, 0.03777981651376143, 570.4862385321101, 568.0, 555.6422018348624, 1662.9357798165138, 1604.119266055046, 1551.0550458715597
0.23226773226773229,3, 715.0, 1589.6666666666667, 0.03, 715.0, 716.6666666666666, 717.0, 1589.3333333333333, 1550.6666666666667, 1509.6666666666667
0.5145823094171409,1, 606.0, 1599.0, 0.04, 604.0, 616.0, 613.0, 1616.0, 1467.0, 1321.0
0.4473684210526316,6, 620.6666666666666, 1455.8333333333333, 0.03516666666666667, 620.3333333333334, 621.3333333333334, 620.1666666666666, 1462.8333333333333, 1390.5, 1334.6666666666667
0.11904761904761904,5, 595.8, 1636.6, 0.036199999999999996, 595.0, 600.6, 603.2, 1647.6, 1541.6, 1503.0
0.1875,3, 615.6666666666666, 1466.0, 0.03, 615.6666666666666, 619.3333333333334, 622.3333333333334, 1466.0, 1412.0, 1366.0
0.8685759145912924,6, 529.0, 1761.8333333333333, 0.04016666666666667, 526.3333333333334, 562.6666666666666, 578.3333333333334, 1834.8333333333333, 1862.0, 1910.5
0.9056603773584906,18, 581.2777777777778, 1531.0, 0.03522222222222223, 581.1111111111111, 590.1666666666666, 593.3333333333334, 1554.0555555555557, 1499.1666666666667, 1459.4444444444443
-0.0032147828574918907,1, 540.0, 1574.0, 0.03, 540.0, 543.0, 547.0, 1574.0, 1470.0, 1372.0
0.3858168631654727,3, 547.6666666666666, 1703.6666666666667, 0.03366666666666667, 570.6666666666666, 587.0, 605.0, 1940.3333333333333, 1900.6666666666667, 1876.0
0.9324324324324325,5, 561.4, 1679.4, 0.033800000000000004, 561.0, 567.8, 572.6, 1684.6, 1626.4, 1567.4
0.6666666666666666,1, 569.0, 1216.0, 0.03, 569.0, 571.0, 572.0, 1216.0, 1151.0, 1105.0
0.037286724927174365,13, 595.6153846153846, 1729.0, 0.04007692307692308, 591.0769230769231, 590.6923076923077, 619.4615384615385, 1730.7692307692307, 1687.6923076923076, 1688.0
0.22993864229373032,2, 589.0, 1536.5, 0.0305, 589.5, 597.0, 603.0, 1536.5, 1479.5, 1448.0
0.7529680365296804,2, 575.5, 1533.5, 0.0295, 575.5, 582.5, 588.5, 1533.5, 1485.0, 1438.5
0.3638457203316736,2, 593.5, 1642.0, 0.04, 599.0, 633.0, 646.0, 1709.0, 1642.5, 1562.5
0.43993552669005404,2, 592.5, 1628.5, 0.0295, 592.5, 593.5, 592.5, 1629.0, 1578.5, 1526.5
0.06097560975609756,1, 564.0, 1647.0, 0.04, 561.0, 569.0, 565.0, 1659.0, 1566.0, 1485.0
0.9901960784313726,2, 537.5, 1848.5, 0.0345, 538.0, 533.0, 526.5, 1856.0, 1789.0, 1718.5
0.9,14, 559.9285714285714, 1568.0714285714287, 0.03050000000000001, 560.0, 561.0, 561.6428571428571, 1569.357142857143, 1514.142857142857, 1467.357142857143
0.989451476793249,2, 522.5, 1385.5, 0.03, 522.5, 520.5, 519.0, 1385.5, 1351.0, 1321.0
0.9985696771557009,2, 561.5, 1531.5, 0.035500000000000004, 561.5, 554.5, 534.5, 1536.0, 1483.0, 1418.0
0.16866374487131666,2, 585.0, 1679.5, 0.029, 585.0, 584.5, 584.0, 1679.5, 1672.5, 1666.5
0.047573739295908656,1, 613.0, 1566.0, 0.03, 613.0, 609.0, 604.0, 1566.0, 1524.0, 1485.0
0.9199999999999999,2, 560.5, 1769.0, 0.035, 559.0, 563.5, 567.5, 1771.5, 1742.0, 1711.0
0.4699356283782079,5, 541.4, 1530.8, 0.0304, 541.4, 545.8, 550.6, 1530.8, 1482.0, 1434.6
0.25,1, 575.0, 1527.0, 0.039, 573.0, 586.0, 593.0, 1532.0, 1497.0, 1452.0
0.4888888888888889,4, 530.75, 1942.25, 0.0325, 530.5, 532.25, 531.5, 1944.5, 1907.0, 1866.0
0.11457431215500621,2, 589.0, 1456.5, 0.035, 587.5, 602.5, 606.5, 1462.5, 1390.5, 1313.0
0.5232058376276886,5, 587.6, 1710.6, 0.03, 587.6, 592.0, 597.6, 1710.6, 1673.8, 1640.0
0.24169246646026832,2, 552.0, 1556.5, 0.0345, 551.5, 550.5, 543.5, 1563.5, 1494.0, 1435.0
0.7924477861944679,2, 626.5, 1569.5, 0.0305, 626.0, 622.5, 616.0, 1569.5, 1546.0, 1526.0
0.029940119760479042,9, 583.2222222222222, 1804.3333333333333, 0.03188888888888889, 583.2222222222222, 580.0, 575.3333333333334, 1801.4444444444443, 1815.111111111111, 1830.888888888889
0.03540179922937689,1, 525.0, 1754.0, 0.03, 525.0, 571.0, 711.0, 1754.0, 1783.0, 1874.0
0.0461236316271587,2, 481.5, 1983.5, 0.035, 480.5, 482.5, 487.0, 1987.5, 1975.5, 2006.5
0.09613819705639245,4, 639.75, 1563.25, 0.03, 639.75, 640.25, 639.0, 1563.25, 1514.0, 1472.25
0.0664819944598338,2, 622.0, 1797.5, 0.0595, 616.0, 609.5, 534.5, 1859.5, 1665.0, 1825.0
0.9768518518518519,7, 611.1428571428571, 1484.0, 0.03557142857142857, 610.5714285714286, 612.2857142857143, 607.7142857142857, 1501.2857142857142, 1409.0, 1370.857142857143
0.16366612111292964,1, 505.0, 1753.0, 0.03, 505.0, 498.0, 493.0, 1753.0, 1727.0, 1711.0
0.34014806386840046,1, 540.0, 1230.0, 0.03, 540.0, 538.0, 537.0, 1230.0, 1221.0, 1217.0
0.21055693545331977,3, 594.6666666666666, 1579.6666666666667, 0.03666666666666667, 748.6666666666666, 756.6666666666666, 764.3333333333334, 1754.3333333333333, 1714.3333333333333, 1686.6666666666667
0.09732706075762634,6, 591.1666666666666, 1846.5, 0.041666666666666664, 588.1666666666666, 593.6666666666666, 599.5, 1861.0, 1858.1666666666667, 1950.0
0.39601850516956444,2, 622.0, 1886.0, 0.0295, 622.0, 618.0, 613.5, 1886.0, 1861.0, 1838.0
0.14556962025316456,2, 528.5, 1850.5, 0.03, 526.5, 526.0, 525.0, 1848.0, 1824.5, 1794.0
0.08250825082508251,4, 545.75, 1651.5, 0.03, 656.25, 705.5, 715.0, 1865.5, 1871.0, 1853.75
0.853299856527977,1, 543.0, 1591.0, 0.05, 525.0, 572.0, 602.0, 1675.0, 1452.0, 1271.0
0.01737228245385574,9, 567.7777777777778, 1729.4444444444443, 0.030222222222222223, 588.7777777777778, 569.2222222222222, 562.8888888888889, 1791.888888888889, 1778.111111111111, 1767.3333333333333
0.0662940654052643,2, 551.5, 1838.5, 0.0295, 559.5, 559.5, 559.5, 1982.5, 1929.0, 1880.0
0.018518518518518517,3, 592.3333333333334, 1697.6666666666667, 0.03333333333333333, 590.6666666666666, 601.0, 606.6666666666666, 1705.0, 1647.3333333333333, 1600.6666666666667
0.002472799208704253,4, 576.5, 1543.0, 0.0445, 570.25, 589.25, 590.5, 1544.5, 1515.75, 1470.25
0.7004124065641378,22, 598.1363636363636, 1601.1363636363637, 0.031454545454545464, 609.6818181818181, 616.2272727272727, 621.4090909090909, 1623.7727272727273, 1582.1363636363637, 1541.0
0.3468338725085468,5, 528.2, 1595.2, 0.029599999999999998, 705.8, 676.2, 648.4, 1833.6, 1780.8, 1723.8
0.5555555555555556,2, 583.5, 1580.5, 0.0295, 583.5, 580.5, 576.0, 1580.5, 1557.5, 1536.0
0.08950545727963642,6, 692.8333333333334, 1614.0, 0.03316666666666667, 692.8333333333334, 701.0, 704.6666666666666, 1615.0, 1615.8333333333333, 1615.0
0.044642857142857144,1, 570.0, 1620.0, 0.041, 570.0, 572.0, 574.0, 1638.0, 1507.0, 1341.0
0.7252567693744165,2, 584.0, 1580.0, 0.03, 584.0, 589.5, 592.0, 1580.0, 1524.0, 1474.0
0.5591230662924629,4, 562.25, 1552.5, 0.04275, 562.0, 558.75, 550.5, 1567.75, 1488.75, 1384.5
0.003323262839879154,1, 545.0, 1872.0, 0.059, 551.0, 529.0, 494.0, 1844.0, 1920.0, 1973.0
0.0847457627118644,4, 539.25, 1807.0, 0.0355, 541.5, 535.5, 529.0, 1823.0, 1755.5, 1690.75
0.9090909090909091,1, 591.0, 1418.0, 0.049, 609.0, 632.0, 628.0, 1593.0, 1404.0, 1357.0
0.30319148936170215,1, 526.0, 1408.0, 0.03, 623.0, 559.0, 529.0, 1749.0, 1647.0, 1630.0
0.8914565826330532,1, 670.0, 1414.0, 0.03, 670.0, 669.0, 665.0, 1414.0, 1393.0, 1370.0
0.5714285714285714,8, 587.125, 1431.625, 0.034, 584.625, 590.375, 590.25, 1443.125, 1361.125, 1351.875
0.5286233530213539,1, 576.0, 1839.0, 0.04, 578.0, 567.0, 558.0, 1844.0, 1792.0, 1699.0
0.0054466230936819175,1, 606.0, 1661.0, 0.03, 606.0, 601.0, 594.0, 1661.0, 1647.0, 1635.0
0.5,1, 620.0, 1635.0, 0.031, 621.0, 624.0, 623.0, 1635.0, 1577.0, 1514.0
0.6976981351981353,3, 583.0, 1597.3333333333333, 0.05000000000000001, 655.0, 653.6666666666666, 618.0, 1935.6666666666667, 1862.3333333333333, 1826.0
0.016722408026755852,2, 580.5, 1532.5, 0.045, 575.5, 593.0, 602.5, 1523.0, 1510.0, 1600.5
0.007246376811594203,4, 584.0, 1654.25, 0.03, 584.25, 584.25, 583.5, 1654.25, 1586.0, 1522.0
0.41485001407712074,1, 589.0, 1758.0, 0.03, 589.0, 578.0, 569.0, 1758.0, 1706.0, 1642.0
0.03986826139712255,1, 592.0, 1905.0, 0.03, 592.0, 587.0, 580.0, 1905.0, 1919.0, 1935.0
0.9915014164305949,1, 625.0, 1518.0, 0.06, 605.0, 646.0, 649.0, 1558.0, 1496.0, 1518.0
0.2583779621670076,1, 530.0, 1723.0, 0.029, 530.0, 529.0, 527.0, 1723.0, 1713.0, 1688.0
0.051490514905149054,1, 570.0, 1614.0, 0.03, 570.0, 568.0, 565.0, 1614.0, 1569.0, 1527.0
