0.0,2, 542.5, 1577.0, 0.04, 543.0, 528.5, 777.0, 1573.5, 1640.0, 1915.5
0.28797816531883524,80, 563.7375, 1669.4, 0.06888749999999996, 571.6875, 560.175, 575.7875, 1641.0125, 1760.1875, 1808.8375
1.0,1, 548.0, 1516.0, 0.07, 551.0, 541.0, 540.0, 1529.0, 1530.0, 1695.0
0.02082912411450186,2, 539.0, 1700.5, 0.0395, 539.0, 536.0, 507.5, 1691.5, 1748.0, 1811.0
0.43643745749829993,1, 498.0, 1441.0, 0.09, 520.0, 456.0, 460.0, 1369.0, 1591.0, 1651.0
0.4949186991869919,1, 438.0, 1707.0, 0.03, 438.0, 431.0, 414.0, 1708.0, 1704.0, 1697.0
0.4304347826086956,7, 568.4285714285714, 1667.857142857143, 0.05, 571.5714285714286, 557.5714285714286, 539.2857142857143, 1650.2857142857142, 1698.142857142857, 1766.7142857142858
0.07261164901661495,5, 581.2, 1628.0, 0.0342, 580.6, 601.0, 632.2, 1632.6, 1624.6, 1621.6
0.3333333333333333,9, 541.3333333333334, 1506.888888888889, 0.07333333333333333, 543.3333333333334, 525.1111111111111, 507.1111111111111, 1442.3333333333333, 1651.6666666666667, 1803.111111111111
0.320503682584937,1, 585.0, 1738.0, 0.06, 641.0, 578.0, 605.0, 1691.0, 1882.0, 1951.0
0.20833333333333334,1, 474.0, 1878.0, 0.03, 474.0, 445.0, 418.0, 1878.0, 1868.0, 1825.0
0.4827586206896552,1, 455.0, 1575.0, 0.029, 455.0, 450.0, 432.0, 1575.0, 1575.0, 1584.0
0.26754289597142034,109, 553.9266055045872, 1694.697247706422, 0.06899082568807341, 561.3669724770642, 535.6605504587156, 587.0733944954128, 1646.9816513761468, 1765.7155963302753, 1840.045871559633
0.23226773226773229,3, 647.0, 1742.6666666666667, 0.04700000000000001, 654.3333333333334, 642.3333333333334, 618.0, 1723.6666666666667, 1746.3333333333333, 1779.3333333333333
0.5145823094171409,1, 455.0, 1393.0, 0.07, 470.0, 440.0, 440.0, 1363.0, 1456.0, 1460.0
0.4473684210526316,6, 573.8333333333334, 1511.6666666666667, 0.06516666666666666, 581.1666666666666, 555.6666666666666, 554.3333333333334, 1472.0, 1593.1666666666667, 1639.3333333333333
0.11904761904761904,5, 563.4, 1453.0, 0.068, 578.6, 546.0, 526.8, 1405.4, 1576.2, 1694.4
0.1875,3, 556.6666666666666, 1585.3333333333333, 0.05366666666666667, 554.6666666666666, 553.0, 528.6666666666666, 1539.6666666666667, 1644.6666666666667, 1646.0
0.8685759145912924,6, 517.0, 1526.3333333333333, 0.08183333333333333, 532.3333333333334, 479.3333333333333, 491.0, 1477.3333333333333, 1616.3333333333333, 1673.3333333333333
0.9056603773584906,16, 532.8125, 1814.4375, 0.031250000000000014, 584.125, 575.875, 581.1875, 1879.75, 1879.4375, 1875.0625
-0.0032147828574918907,1, 499.0, 1554.0, 0.05, 505.0, 497.0, 486.0, 1515.0, 1646.0, 1806.0
0.3858168631654727,3, 509.3333333333333, 1517.3333333333333, 0.09666666666666668, 517.6666666666666, 534.0, 577.6666666666666, 1487.3333333333333, 1520.6666666666667, 1501.3333333333333
0.9324324324324325,5, 522.2, 1652.2, 0.066, 526.0, 513.8, 531.0, 1621.4, 1715.4, 1766.4
0.6666666666666666,1, 538.0, 1629.0, 0.03, 538.0, 541.0, 545.0, 1629.0, 1620.0, 1603.0
0.037286724927174365,13, 514.3846153846154, 1661.2307692307693, 0.046230769230769235, 519.9230769230769, 502.7692307692308, 496.2307692307692, 1645.6153846153845, 1695.4615384615386, 1686.0
0.22993864229373032,2, 533.0, 1760.0, 0.07, 553.0, 498.5, 546.0, 1698.0, 1809.0, 1808.0
0.7529680365296804,1, 520.0, 1853.0, 0.04, 520.0, 519.0, 503.0, 1856.0, 1821.0, 1758.0
0.3638457203316736,2, 490.5, 1604.0, 0.0645, 502.5, 489.5, 484.0, 1570.0, 1703.5, 1764.0
0.43993552669005404,2, 551.5, 1708.0, 0.045, 556.5, 544.5, 562.0, 1682.5, 1778.0, 1838.0
0.06097560975609756,1, 567.0, 1396.0, 0.09, 584.0, 504.0, 470.0, 1351.0, 1531.0, 1678.0
0.9901960784313726,2, 589.0, 1395.0, 0.035, 603.5, 666.0, 747.0, 1522.0, 1606.0, 1653.5
0.9,14, 526.5714285714286, 1383.142857142857, 0.0755, 538.7857142857143, 503.14285714285717, 501.35714285714283, 1318.2857142857142, 1533.5714285714287, 1636.5
0.989451476793249,2, 524.5, 1504.5, 0.075, 531.0, 504.5, 482.5, 1496.0, 1557.5, 1612.0
0.9985696771557009,2, 554.0, 1555.0, 0.054, 557.5, 536.5, 525.0, 1470.0, 1654.5, 1695.5
0.16866374487131666,2, 491.5, 1542.0, 0.055, 506.5, 465.0, 486.0, 1512.5, 1577.5, 1623.0
0.047573739295908656,1, 451.0, 1621.0, 0.07, 456.0, 479.0, 515.0, 1567.0, 1617.0, 1501.0
0.9199999999999999,2, 513.5, 1604.5, 0.045, 516.0, 509.5, 504.0, 1604.5, 1614.5, 1656.5
0.4699356283782079,4, 547.25, 1805.5, 0.02975, 546.25, 543.25, 542.25, 1813.25, 1812.25, 1812.0
0.25,1, 511.0, 1442.0, 0.049, 509.0, 522.0, 549.0, 1437.0, 1450.0, 1457.0
0.4888888888888889,4, 606.75, 1868.5, 0.03275, 602.25, 636.75, 658.75, 1906.75, 1961.75, 2028.5
0.11457431215500621,2, 507.5, 1605.0, 0.05550000000000001, 511.0, 492.0, 600.5, 1570.0, 1646.0, 1697.5
0.5232058376276886,5, 512.0, 1418.8, 0.0862, 528.8, 492.8, 719.4, 1395.6, 1535.6, 1727.2
0.24169246646026832,2, 758.0, 1781.5, 0.03, 758.0, 775.5, 793.5, 1781.5, 1780.0, 1772.5
0.7924477861944679,2, 545.0, 1518.5, 0.07050000000000001, 572.5, 527.0, 543.5, 1501.5, 1584.5, 1620.0
0.029940119760479042,9, 556.2222222222222, 1735.2222222222222, 0.043444444444444445, 557.8888888888889, 563.0, 579.3333333333334, 1717.888888888889, 1765.0, 1810.111111111111
0.03540179922937689,1, 558.0, 1486.0, 0.031, 558.0, 554.0, 552.0, 1486.0, 1443.0, 1425.0
0.0461236316271587,2, 605.5, 1795.0, 0.031, 605.5, 633.5, 667.5, 1795.0, 1810.0, 1822.0
0.09613819705639245,4, 544.25, 1579.0, 0.06725, 553.25, 532.25, 568.0, 1517.0, 1673.5, 1646.5
0.0664819944598338,2, 547.0, 1817.5, 0.035500000000000004, 1072.0, 1047.0, 993.5, 2355.0, 2369.5, 2402.0
0.9768518518518519,7, 611.5714285714286, 1472.2857142857142, 0.05428571428571429, 636.5714285714286, 581.1428571428571, 533.7142857142857, 1451.4285714285713, 1569.142857142857, 1713.5714285714287
0.16366612111292964,1, 777.0, 1581.0, 0.03, 777.0, 786.0, 796.0, 1580.0, 1607.0, 1629.0
0.34014806386840046,1, 498.0, 1825.0, 0.07, 505.0, 487.0, 489.0, 1788.0, 1866.0, 1832.0
0.21055693545331977,2, 534.5, 1766.0, 0.0295, 534.5, 534.0, 532.5, 1766.0, 1775.5, 1783.5
0.09732706075762634,6, 552.3333333333334, 1672.0, 0.05483333333333334, 608.3333333333334, 540.3333333333334, 555.8333333333334, 1694.3333333333333, 1705.1666666666667, 1750.1666666666667
0.39601850516956444,2, 513.5, 1643.0, 0.0505, 517.0, 505.0, 431.5, 1656.0, 1780.0, 1886.5
0.14556962025316456,2, 668.0, 1667.5, 0.055, 671.5, 666.0, 646.5, 1681.0, 1679.5, 1721.0
0.08250825082508251,4, 532.25, 1951.75, 0.03, 530.0, 520.0, 510.5, 1967.75, 1977.75, 1983.75
0.853299856527977,1, 485.0, 1586.0, 0.06, 502.0, 484.0, 542.0, 1523.0, 1674.0, 1691.0
0.01737228245385574,9, 517.4444444444445, 1732.7777777777778, 0.051333333333333335, 527.1111111111111, 504.6666666666667, 587.7777777777778, 1702.6666666666667, 1750.0, 1785.111111111111
0.0662940654052643,2, 627.0, 1389.0, 0.08, 597.5, 651.0, 592.5, 1368.0, 1376.0, 1399.5
0.09401709401709402,1, 523.0, 1494.0, 0.04, 523.0, 560.0, 603.0, 1494.0, 1566.0, 1635.0
0.018518518518518517,3, 469.3333333333333, 1733.6666666666667, 0.050333333333333334, 659.3333333333334, 589.3333333333334, 519.6666666666666, 1873.0, 1884.3333333333333, 1847.6666666666667
0.002472799208704253,4, 542.75, 1471.5, 0.06, 553.25, 550.5, 591.5, 1450.0, 1515.25, 1511.25
0.7004124065641378,22, 573.3636363636364, 1804.2727272727273, 0.03259090909090911, 577.2727272727273, 564.3181818181819, 566.7272727272727, 1821.5, 1815.7727272727273, 1803.7272727272727
0.3468338725085468,5, 607.2, 1778.0, 0.0444, 615.0, 611.4, 619.4, 1824.0, 1794.2, 1795.4
0.5555555555555556,2, 518.5, 1596.5, 0.065, 534.5, 488.5, 529.0, 1531.5, 1688.5, 1671.0
0.08950545727963642,6, 668.6666666666666, 1727.8333333333333, 0.035, 731.3333333333334, 748.8333333333334, 738.1666666666666, 1825.0, 1849.0, 1832.6666666666667
0.044642857142857144,1, 505.0, 1249.0, 0.07, 517.0, 485.0, 491.0, 1211.0, 1400.0, 1427.0
0.7252567693744165,2, 502.0, 1662.0, 0.0345, 502.5, 492.0, 490.5, 1661.0, 1677.0, 1704.5
0.5591230662924629,4, 517.0, 1456.0, 0.07225000000000001, 536.25, 515.5, 506.25, 1531.5, 1672.25, 1710.75
0.0847457627118644,4, 539.0, 1453.25, 0.09475, 548.5, 525.5, 517.75, 1413.75, 1542.0, 1587.5
0.9090909090909091,1, 490.0, 1724.0, 0.03, 490.0, 475.0, 468.0, 1724.0, 1735.0, 1748.0
0.30319148936170215,1, 591.0, 1825.0, 0.04, 590.0, 588.0, 575.0, 1818.0, 1854.0, 1831.0
0.8914565826330532,1, 527.0, 1519.0, 0.06, 529.0, 512.0, 427.0, 1456.0, 1640.0, 1698.0
0.5714285714285714,7, 551.1428571428571, 1648.142857142857, 0.03614285714285714, 551.8571428571429, 536.7142857142857, 555.2857142857143, 1669.142857142857, 1702.5714285714287, 1747.857142857143
0.5286233530213539,1, 512.0, 1876.0, 0.031, 512.0, 508.0, 515.0, 1876.0, 1870.0, 1872.0
0.0054466230936819175,1, 489.0, 1476.0, 0.059, 502.0, 490.0, 463.0, 1457.0, 1513.0, 1560.0
0.5,1, 514.0, 1641.0, 0.07, 537.0, 509.0, 512.0, 1738.0, 1919.0, 1845.0
0.6976981351981353,3, 592.6666666666666, 1642.0, 0.03666666666666667, 595.6666666666666, 585.6666666666666, 605.6666666666666, 1647.6666666666667, 1645.6666666666667, 1677.6666666666667
0.016722408026755852,2, 547.0, 1558.0, 0.0755, 555.0, 506.5, 451.0, 1506.5, 1622.0, 1623.0
0.007246376811594203,4, 526.5, 1580.75, 0.05, 534.25, 486.0, 455.25, 1566.0, 1637.25, 1626.5
0.41485001407712074,1, 568.0, 1565.0, 0.05, 571.0, 571.0, 572.0, 1538.0, 1621.0, 1710.0
0.03986826139712255,1, 438.0, 1760.0, 0.03, 438.0, 426.0, 421.0, 1761.0, 1738.0, 1713.0
0.9915014164305949,1, 547.0, 1722.0, 0.071, 597.0, 531.0, 519.0, 1787.0, 1747.0, 1765.0
0.2583779621670076,1, 529.0, 1526.0, 0.12, 541.0, 506.0, 533.0, 1486.0, 1575.0, 1634.0
0.051490514905149054,1, 696.0, 1689.0, 0.03, 696.0, 728.0, 759.0, 1689.0, 1658.0, 1628.0
