0.0,1, 569.0, 812.0, 0.04, 571.0, 569.0, 570.0, 810.0, 819.0, 853.0
0.28797816531883524,116, 628.5258620689655, 1232.0258620689656, 0.034051724137930985, 628.551724137931, 621.0, 621.1465517241379, 1234.396551724138, 1189.2068965517242, 1169.5258620689656
1.0,2, 540.0, 1070.5, 0.035500000000000004, 539.0, 543.0, 541.5, 1076.5, 1035.0, 1010.5
0.4949186991869919,4, 624.0, 929.75, 0.03, 624.0, 623.5, 623.0, 929.75, 896.25, 874.25
0.07261164901661495,1, 637.0, 1060.0, 0.03, 637.0, 634.0, 628.0, 1060.0, 1001.0, 939.0
0.989451476793249,8, 592.5, 1124.25, 0.07387500000000001, 592.125, 590.25, 569.375, 1117.375, 1156.25, 1185.5
0.16129032258064516,1, 623.0, 895.0, 0.03, 623.0, 625.0, 630.0, 895.0, 874.0, 864.0
0.20833333333333334,1, 612.0, 940.0, 0.03, 612.0, 613.0, 614.0, 940.0, 929.0, 915.0
0.3333333333333333,1, 583.0, 791.0, 0.05, 589.0, 581.0, 575.0, 814.0, 755.0, 722.0
0.4827586206896552,1, 596.0, 836.0, 0.03, 596.0, 598.0, 600.0, 836.0, 824.0, 815.0
0.26754289597142034,83, 611.1927710843373, 1059.4939759036145, 0.0330602409638554, 613.4819277108434, 610.0240963855422, 611.4457831325301, 1087.8072289156626, 1036.1807228915663, 1025.0481927710844
0.7746112594346588,6, 600.0, 1172.6666666666667, 0.0335, 605.8333333333334, 590.3333333333334, 588.8333333333334, 1187.1666666666667, 1205.3333333333333, 1266.0
0.11904761904761904,23, 656.8695652173913, 1251.8695652173913, 0.031347826086956534, 657.2608695652174, 649.0869565217391, 644.304347826087, 1253.4347826086957, 1170.0, 1097.7826086956522
0.4857142857142857,2, 634.5, 883.0, 0.036000000000000004, 634.0, 645.5, 655.0, 886.0, 863.0, 857.0
0.8685759145912924,5, 608.0, 1179.8, 0.032, 609.4, 596.2, 596.8, 1184.2, 1054.8, 1001.2
0.5,2, 619.5, 1653.5, 0.035, 620.0, 617.0, 615.0, 1664.5, 1582.0, 1441.0
0.4473684210526316,17, 629.3529411764706, 1117.0, 0.03511764705882353, 627.8823529411765, 635.7647058823529, 639.7058823529412, 1118.1764705882354, 1131.8823529411766, 1129.2941176470588
0.3858168631654727,3, 618.3333333333334, 1011.6666666666666, 0.033, 618.6666666666666, 620.0, 626.3333333333334, 1013.6666666666666, 1119.6666666666667, 1146.6666666666667
0.9324324324324325,8, 639.125, 1004.125, 0.0365, 639.875, 629.375, 624.5, 1006.75, 975.5, 960.25
0.6666666666666666,2, 630.5, 874.0, 0.03, 630.5, 626.5, 623.5, 873.5, 825.0, 812.0
0.037286724927174365,12, 578.4166666666666, 1237.75, 0.03175000000000001, 580.3333333333334, 560.5833333333334, 560.5833333333334, 1296.3333333333333, 1192.5833333333333, 1179.3333333333333
0.22993864229373032,2, 666.5, 1198.0, 0.04, 664.5, 669.0, 659.0, 1219.5, 1105.0, 949.5
0.9901960784313726,15, 584.8666666666667, 1090.6, 0.0396, 587.5333333333333, 582.4666666666667, 591.0, 1094.4, 1068.7333333333333, 1050.0666666666666
0.3638457203316736,6, 578.0, 861.3333333333334, 0.0335, 577.8333333333334, 580.3333333333334, 582.1666666666666, 865.6666666666666, 847.1666666666666, 836.0
0.43993552669005404,2, 580.5, 851.5, 0.035, 581.0, 578.0, 572.5, 856.0, 840.0, 837.0
0.06097560975609756,1, 618.0, 901.0, 0.04, 638.0, 625.0, 651.0, 987.0, 713.0, 708.0
0.9056603773584906,16, 583.0, 1043.9375, 0.030000000000000013, 583.0, 583.0625, 583.0625, 1043.875, 1039.625, 1036.625
0.9199999999999999,10, 628.0, 1270.0, 0.032600000000000004, 628.4, 619.7, 613.2, 1271.3, 1226.0, 1227.2
0.03568369968598344,3, 589.6666666666666, 1576.3333333333333, 0.037, 591.3333333333334, 582.0, 577.6666666666666, 1593.6666666666667, 1564.3333333333333, 1584.3333333333333
0.047573739295908656,5, 591.0, 905.0, 0.029599999999999998, 591.0, 585.0, 582.4, 905.0, 898.8, 929.2
0.4304347826086956,1, 568.0, 2008.0, 0.031, 568.0, 559.0, 554.0, 2008.0, 2000.0, 1986.0
0.4699356283782079,3, 639.6666666666666, 1128.3333333333333, 0.034, 639.6666666666666, 649.0, 660.3333333333334, 1134.3333333333333, 1074.6666666666667, 1042.3333333333333
0.25,2, 638.0, 1501.0, 0.03, 638.0, 641.5, 639.5, 1501.0, 1410.5, 1459.5
0.004,3, 544.0, 1221.0, 0.029333333333333333, 544.0, 545.3333333333334, 546.3333333333334, 1221.0, 1173.0, 1120.3333333333333
0.8583333333333334,2, 523.0, 1255.5, 0.0345, 522.0, 530.5, 537.0, 1229.0, 1543.5, 1559.0
0.9558498896247241,2, 682.5, 1321.0, 0.0345, 696.5, 640.5, 630.0, 1356.0, 1031.5, 907.5
0.851063829787234,2, 676.0, 2114.5, 0.031, 676.0, 675.5, 680.5, 2114.5, 2126.0, 2180.0
0.0461236316271587,2, 618.0, 891.5, 0.03, 618.0, 619.0, 619.0, 891.5, 876.5, 872.0
0.09613819705639245,1, 948.0, 1787.0, 0.031, 948.0, 1013.0, 1102.0, 1787.0, 1835.0, 1914.0
0.9,18, 632.9444444444445, 924.0555555555555, 0.03461111111111112, 637.6111111111111, 618.1111111111111, 617.2777777777778, 943.3888888888889, 861.1666666666666, 927.0
0.21055693545331977,4, 597.5, 980.0, 0.02975, 597.5, 599.5, 602.0, 979.75, 969.0, 993.25
0.09732706075762634,2, 631.5, 1366.0, 0.031, 631.5, 631.0, 633.0, 1366.0, 1349.0, 1341.0
0.39601850516956444,4, 599.75, 811.25, 0.03225, 600.75, 587.5, 577.25, 813.25, 782.5, 756.0
0.3975563909774436,2, 652.5, 958.0, 0.04, 651.0, 654.0, 661.0, 964.5, 955.0, 987.0
0.21524064171122995,1, 656.0, 987.0, 0.029, 656.0, 662.0, 668.0, 986.0, 981.0, 979.0
0.08950545727963642,65, 619.3692307692307, 1081.323076923077, 0.03236923076923077, 638.5846153846154, 627.1846153846154, 617.723076923077, 1104.2615384615385, 1034.7692307692307, 987.6923076923077
0.06573290878638645,1, 707.0, 2035.0, 0.029, 707.0, 714.0, 725.0, 2035.0, 2214.0, 2382.0
0.9985696771557009,5, 616.2, 827.8, 0.032, 616.2, 619.4, 621.4, 828.2, 827.2, 838.2
0.9768518518518519,5, 541.4, 1558.6, 0.0298, 543.4, 545.0, 544.4, 1724.2, 1659.4, 1585.2
0.2582808742897702,3, 676.6666666666666, 1807.3333333333333, 0.033, 684.0, 660.6666666666666, 645.6666666666666, 1816.0, 1764.0, 1737.3333333333333
0.4888888888888889,6, 576.8333333333334, 923.3333333333334, 0.036666666666666674, 576.8333333333334, 577.8333333333334, 580.8333333333334, 928.1666666666666, 863.0, 823.3333333333334
0.20978831347592225,3, 630.0, 955.6666666666666, 0.03, 630.0, 612.3333333333334, 606.3333333333334, 955.6666666666666, 887.3333333333334, 884.3333333333334
0.09401709401709402,3, 651.6666666666666, 1280.6666666666667, 0.03333333333333333, 651.6666666666666, 652.0, 651.3333333333334, 1280.6666666666667, 1172.0, 1024.6666666666667
0.018518518518518517,2, 609.5, 853.0, 0.0305, 609.5, 606.0, 603.5, 853.0, 789.0, 750.5
0.002472799208704253,14, 633.5, 983.2857142857143, 0.032214285714285716, 633.1428571428571, 635.9285714285714, 641.9285714285714, 983.3571428571429, 973.6428571428571, 989.5714285714286
0.5555555555555556,1, 576.0, 825.0, 0.029, 576.0, 575.0, 570.0, 825.0, 824.0, 827.0
0.7004124065641378,1, 639.0, 926.0, 0.04, 640.0, 638.0, 638.0, 930.0, 903.0, 880.0
0.7252567693744165,8, 586.5, 899.0, 0.03375, 590.5, 568.875, 566.5, 908.125, 851.625, 831.875
0.5591230662924629,6, 605.8333333333334, 1016.5, 0.03183333333333333, 605.1666666666666, 597.8333333333334, 594.1666666666666, 1017.3333333333334, 1013.3333333333334, 1031.5
0.003323262839879154,1, 616.0, 944.0, 0.03, 615.0, 615.0, 615.0, 944.0, 909.0, 887.0
0.5714285714285714,3, 605.6666666666666, 856.3333333333334, 0.029333333333333333, 605.6666666666666, 608.6666666666666, 612.3333333333334, 856.3333333333334, 842.0, 828.6666666666666
0.5286233530213539,1, 604.0, 995.0, 0.041, 604.0, 604.0, 604.0, 1004.0, 969.0, 953.0
0.0054466230936819175,6, 705.3333333333334, 1265.8333333333333, 0.03333333333333333, 699.6666666666666, 714.0, 711.3333333333334, 1265.3333333333333, 1289.8333333333333, 1305.3333333333333
0.875,1, 713.0, 975.0, 0.031, 713.0, 704.0, 695.0, 975.0, 888.0, 885.0
0.05963228348710511,3, 596.3333333333334, 883.3333333333334, 0.030666666666666665, 596.3333333333334, 592.6666666666666, 590.3333333333334, 883.3333333333334, 844.3333333333334, 834.6666666666666
0.016722408026755852,1, 565.0, 772.0, 0.04, 563.0, 577.0, 585.0, 780.0, 749.0, 764.0
0.41485001407712074,1, 604.0, 1766.0, 0.03, 604.0, 613.0, 622.0, 1766.0, 1628.0, 1481.0
0.45454545454545453,11, 603.8181818181819, 1046.5454545454545, 0.03527272727272728, 605.2727272727273, 602.8181818181819, 599.2727272727273, 1140.4545454545455, 1128.7272727272727, 1116.3636363636363
0.06119523026890933,9, 646.5555555555555, 993.1111111111111, 0.03122222222222222, 646.1111111111111, 646.2222222222222, 643.0, 993.8888888888889, 928.4444444444445, 895.2222222222222
0.051490514905149054,1, 600.0, 1087.0, 0.039, 598.0, 593.0, 589.0, 1122.0, 972.0, 947.0
