0.0,1, 723.0, 1575.0, 0.04, 723.0, 746.0, 775.0, 1575.0, 1562.0, 1559.0
1.0,1, 614.0, 1909.0, 0.04, 613.0, 625.0, 623.0, 1908.0, 1912.0, 1897.0
0.7746112594346588,1, 550.0, 1717.0, 0.031, 550.0, 545.0, 545.0, 1717.0, 1759.0, 1776.0
0.8685759145912924,3, 710.0, 1743.6666666666667, 0.03966666666666666, 710.3333333333334, 713.0, 705.6666666666666, 1752.3333333333333, 1724.6666666666667, 1740.3333333333333
0.6666666666666666,1, 596.0, 2152.0, 0.03, 596.0, 605.0, 613.0, 2152.0, 2134.0, 2114.0
0.9901960784313726,1, 533.0, 2048.0, 0.03, 533.0, 536.0, 540.0, 2048.0, 2023.0, 1998.0
0.3638457203316736,4, 573.0, 1844.0, 0.03225, 572.75, 577.75, 581.75, 1848.5, 1787.25, 1737.5
0.25,2, 690.0, 1626.5, 0.04, 705.0, 718.0, 712.5, 1735.0, 1716.5, 1707.0
0.004,1, 555.0, 1743.0, 0.03, 555.0, 549.0, 531.0, 1743.0, 1729.0, 1730.0
0.28797816531883524,3, 603.3333333333334, 1465.6666666666667, 0.07233333333333335, 604.6666666666666, 600.3333333333334, 626.0, 1511.3333333333333, 1389.3333333333333, 1273.3333333333333
0.8166666666666667,1, 588.0, 1660.0, 0.11, 764.0, 566.0, 553.0, 1891.0, 1610.0, 1604.0
0.39601850516956444,1, 592.0, 1684.0, 0.08, 600.0, 568.0, 508.0, 1712.0, 1680.0, 1797.0
0.06573290878638645,3, 637.3333333333334, 2152.0, 0.03, 637.3333333333334, 643.3333333333334, 648.6666666666666, 2152.0, 2137.3333333333335, 2121.0
0.26754289597142034,2, 584.5, 1654.0, 0.035500000000000004, 584.0, 583.5, 578.5, 1658.0, 1583.5, 1495.0
0.018518518518518517,1, 527.0, 1602.0, 0.03, 527.0, 530.0, 534.0, 1602.0, 1569.0, 1543.0
0.4473684210526316,10, 623.5, 1850.2, 0.0439, 670.8, 702.3, 702.1, 1930.9, 1941.9, 1928.2
0.9199999999999999,1, 655.0, 1705.0, 0.1, 661.0, 639.0, 1281.0, 1685.0, 1742.0, 2332.0
0.7004124065641378,1, 526.0, 1684.0, 0.03, 526.0, 525.0, 524.0, 1684.0, 1620.0, 1559.0
0.003323262839879154,1, 706.0, 1521.0, 0.111, 700.0, 731.0, 753.0, 1571.0, 1422.0, 1461.0
0.4949186991869919,1, 548.0, 1796.0, 0.03, 547.0, 550.0, 551.0, 1796.0, 1789.0, 1782.0
0.11904761904761904,1, 630.0, 1860.0, 0.089, 635.0, 614.0, 577.0, 1844.0, 1936.0, 1841.0
