0.0,3, 530.3333333333334, 1850.0, 0.03333333333333333, 530.3333333333334, 510.0, 494.3333333333333, 1850.0, 1834.0, 1785.0
0.26754289597142034,79, 589.6962025316456, 1822.240506329114, 0.031936708860759465, 590.6455696202531, 581.7848101265823, 573.5189873417721, 1858.4810126582279, 1834.6962025316457, 1811.2911392405063
0.28797816531883524,41, 720.0, 2002.658536585366, 0.032268292682926844, 762.3414634146342, 750.7560975609756, 748.609756097561, 2080.9024390243903, 2064.878048780488, 2046.0487804878048
1.0,3, 568.3333333333334, 1854.3333333333333, 0.03, 573.3333333333334, 562.6666666666666, 555.3333333333334, 2062.3333333333335, 2064.6666666666665, 2058.6666666666665
0.43643745749829993,3, 574.0, 1878.3333333333333, 0.03666666666666667, 566.6666666666666, 583.3333333333334, 580.3333333333334, 1887.0, 1866.0, 1862.6666666666667
0.4949186991869919,1, 659.0, 1700.0, 0.029, 659.0, 658.0, 651.0, 1700.0, 1696.0, 1687.0
0.989451476793249,2, 626.5, 1631.0, 0.03, 626.5, 634.5, 642.5, 1631.0, 1614.5, 1587.5
0.20833333333333334,9, 614.8888888888889, 1905.5555555555557, 0.035666666666666666, 612.2222222222222, 621.5555555555555, 614.4444444444445, 1905.6666666666667, 1870.3333333333333, 1832.2222222222222
0.3333333333333333,9, 562.0, 1751.3333333333333, 0.03555555555555556, 562.0, 558.0, 550.2222222222222, 1754.2222222222222, 1740.3333333333333, 1729.111111111111
0.11904761904761904,39, 587.2051282051282, 1904.820512820513, 0.03479487179487181, 590.5128205128206, 593.4615384615385, 588.8974358974359, 1929.4615384615386, 1911.6410256410256, 1890.7692307692307
0.23226773226773229,3, 541.0, 1802.0, 0.03333333333333333, 540.6666666666666, 541.0, 539.3333333333334, 1802.0, 1768.6666666666667, 1737.6666666666667
0.11518225545177777,4, 553.0, 1808.0, 0.03275, 553.0, 545.75, 533.5, 1808.5, 1810.0, 1820.0
0.4857142857142857,1, 474.0, 1856.0, 0.03, 474.0, 474.0, 475.0, 1856.0, 1848.0, 1840.0
0.1875,5, 596.2, 1733.2, 0.0364, 596.0, 590.0, 580.8, 1730.0, 1731.4, 1728.4
0.9558498896247241,2, 535.0, 1836.0, 0.0295, 535.0, 533.0, 531.5, 1835.5, 1817.5, 1796.5
0.3638457203316736,2, 552.5, 1899.0, 0.029, 552.5, 548.0, 543.5, 1899.0, 1863.5, 1830.0
0.43993552669005404,3, 511.3333333333333, 1807.3333333333333, 0.030666666666666665, 511.3333333333333, 499.3333333333333, 492.0, 1807.6666666666667, 1789.6666666666667, 1773.3333333333333
0.06097560975609756,4, 564.5, 1862.5, 0.03225, 563.75, 563.75, 563.25, 1861.5, 1858.25, 1846.75
0.9901960784313726,12, 571.75, 1795.25, 0.03316666666666667, 628.6666666666666, 623.6666666666666, 617.1666666666666, 1913.0833333333333, 1883.75, 1848.3333333333333
0.01825117263784198,1, 569.0, 1932.0, 0.03, 585.0, 581.0, 577.0, 2107.0, 2113.0, 2121.0
0.8685759145912924,7, 525.7142857142857, 2049.0, 0.03157142857142857, 598.5714285714286, 550.0, 495.57142857142856, 2164.5714285714284, 2124.285714285714, 2091.0
0.047573739295908656,4, 580.75, 1775.0, 0.0295, 638.0, 609.25, 584.5, 2084.25, 2062.5, 2039.5
0.4304347826086956,10, 559.7, 1972.7, 0.03590000000000001, 583.6, 551.4, 550.5, 2167.3, 2124.2, 2096.3
0.5714285714285714,6, 546.1666666666666, 1967.0, 0.03166666666666667, 546.0, 546.0, 541.0, 1966.3333333333333, 1920.0, 1871.1666666666667
0.3169086541174173,1, 590.0, 1841.0, 0.029, 590.0, 580.0, 565.0, 1841.0, 1837.0, 1833.0
0.25,4, 510.5, 1799.25, 0.035500000000000004, 510.75, 512.25, 512.25, 1848.75, 1845.5, 1841.75
0.4888888888888889,6, 528.8333333333334, 1789.5, 0.03983333333333333, 524.3333333333334, 506.3333333333333, 488.0, 1903.3333333333333, 1816.8333333333333, 1820.0
0.11457431215500621,1, 569.0, 1666.0, 0.03, 569.0, 553.0, 531.0, 1666.0, 1649.0, 1617.0
0.004,2, 519.0, 1886.0, 0.03, 522.0, 505.0, 488.5, 1968.5, 1927.5, 1892.5
0.8189551750463518,1, 1451.0, 2127.0, 0.03, 1450.0, 1252.0, 1067.0, 2127.0, 2057.0, 1913.0
0.8583333333333334,3, 516.6666666666666, 1836.3333333333333, 0.03666666666666667, 519.3333333333334, 510.0, 500.3333333333333, 1847.3333333333333, 1813.3333333333333, 1794.3333333333333
0.7924477861944679,1, 505.0, 1591.0, 0.03, 505.0, 501.0, 496.0, 1592.0, 1551.0, 1511.0
0.851063829787234,1, 514.0, 1707.0, 0.03, 514.0, 513.0, 505.0, 1707.0, 1786.0, 1861.0
0.03540179922937689,2, 573.5, 1815.5, 0.03, 573.5, 564.5, 552.0, 1815.5, 1785.5, 1750.0
0.0461236316271587,2, 473.5, 1709.0, 0.05, 465.5, 502.5, 513.0, 1708.5, 1697.5, 1615.0
0.09613819705639245,3, 557.3333333333334, 1788.6666666666667, 0.03, 557.0, 550.3333333333334, 538.3333333333334, 1788.6666666666667, 1746.3333333333333, 1702.6666666666667
0.0664819944598338,1, 498.0, 1874.0, 0.03, 498.0, 487.0, 482.0, 1874.0, 1839.0, 1818.0
0.9768518518518519,6, 541.5, 1788.8333333333333, 0.03166666666666667, 541.3333333333334, 538.8333333333334, 533.5, 1790.8333333333333, 1741.5, 1705.3333333333333
0.9,8, 575.25, 1727.5, 0.03225, 575.25, 574.375, 569.25, 1728.375, 1712.375, 1714.875
0.16366612111292964,2, 596.5, 1786.5, 0.035500000000000004, 596.5, 592.5, 581.0, 1787.0, 1783.0, 1769.5
0.34014806386840046,1, 515.0, 1666.0, 0.031, 515.0, 506.0, 494.0, 1665.0, 1633.0, 1590.0
0.8166666666666667,2, 564.0, 1685.0, 0.05, 570.5, 554.0, 556.5, 1724.0, 1602.0, 1518.5
0.39601850516956444,2, 585.0, 1710.5, 0.03, 585.0, 589.0, 590.0, 1710.5, 1699.0, 1682.5
0.3975563909774436,1, 576.0, 2035.0, 0.03, 576.0, 583.0, 591.0, 2035.0, 2016.0, 1999.0
0.21524064171122995,1, 548.0, 1876.0, 0.03, 548.0, 539.0, 532.0, 1876.0, 1878.0, 1875.0
0.08950545727963642,4, 617.5, 2005.0, 0.03025, 617.5, 541.25, 518.25, 2005.0, 1932.0, 1883.75
0.14556962025316456,6, 542.1666666666666, 1796.3333333333333, 0.0295, 542.1666666666666, 532.3333333333334, 523.6666666666666, 1796.3333333333333, 1778.3333333333333, 1758.8333333333333
0.06573290878638645,3, 881.3333333333334, 2007.0, 0.036333333333333336, 895.3333333333334, 866.3333333333334, 915.3333333333334, 2063.3333333333335, 2044.3333333333333, 2141.6666666666665
0.2582808742897702,1, 595.0, 1610.0, 0.03, 595.0, 590.0, 578.0, 1610.0, 1598.0, 1585.0
0.08250825082508251,1, 482.0, 1795.0, 0.03, 1796.0, 1577.0, 1344.0, 2822.0, 2808.0, 2728.0
0.853299856527977,3, 890.3333333333334, 2021.6666666666667, 0.03666666666666667, 882.6666666666666, 923.0, 923.3333333333334, 2039.3333333333333, 1975.3333333333333, 1888.3333333333333
0.01737228245385574,1, 448.0, 2091.0, 0.031, 448.0, 428.0, 415.0, 2091.0, 2117.0, 2129.0
0.0662940654052643,4, 544.75, 1832.0, 0.0325, 544.75, 538.0, 534.25, 1834.5, 1827.5, 1818.25
0.20978831347592225,1, 668.0, 1898.0, 0.04, 668.0, 669.0, 663.0, 1897.0, 1925.0, 1949.0
0.09401709401709402,7, 548.2857142857143, 1731.142857142857, 0.03414285714285714, 545.1428571428571, 551.7142857142857, 547.4285714285714, 1730.4285714285713, 1718.857142857143, 1691.0
0.002472799208704253,4, 617.5, 1818.75, 0.03775, 614.0, 620.25, 611.25, 1818.25, 1805.0, 1781.0
0.9199999999999999,1, 547.0, 1866.0, 0.029, 547.0, 541.0, 538.0, 1866.0, 1863.0, 1861.0
0.3468338725085468,5, 531.2, 1946.0, 0.0298, 530.0, 522.2, 526.6, 1959.4, 1953.8, 1952.4
0.044642857142857144,4, 538.0, 1827.25, 0.03025, 538.0, 538.25, 536.5, 1827.0, 1823.75, 1815.25
0.4473684210526316,3, 570.3333333333334, 1711.6666666666667, 0.03, 570.3333333333334, 562.0, 552.3333333333334, 1711.6666666666667, 1679.3333333333333, 1644.6666666666667
0.5591230662924629,1, 526.0, 1778.0, 0.03, 526.0, 521.0, 517.0, 1778.0, 1772.0, 1763.0
0.0847457627118644,6, 548.6666666666666, 1729.1666666666667, 0.03183333333333333, 548.6666666666666, 550.3333333333334, 550.8333333333334, 1729.1666666666667, 1712.8333333333333, 1707.1666666666667
0.9090909090909091,2, 580.0, 1818.0, 0.035, 579.0, 587.0, 584.5, 1820.0, 1796.0, 1798.5
0.30319148936170215,4, 446.25, 1594.25, 0.02975, 446.0, 437.75, 432.5, 1594.25, 1525.25, 1461.5
0.8914565826330532,1, 778.0, 1531.0, 0.03, 778.0, 758.0, 736.0, 1531.0, 1501.0, 1460.0
0.037286724927174365,1, 622.0, 1916.0, 0.03, 622.0, 622.0, 617.0, 1915.0, 1892.0, 1862.0
0.5286233530213539,3, 430.0, 1861.6666666666667, 0.030333333333333334, 430.0, 423.3333333333333, 421.6666666666667, 1861.6666666666667, 1847.3333333333333, 1849.6666666666667
0.935483870967742,2, 467.0, 1934.0, 0.03, 506.5, 463.5, 460.0, 2043.5, 1968.0, 1928.5
0.5,3, 435.6666666666667, 1923.6666666666667, 0.029333333333333333, 435.6666666666667, 415.3333333333333, 401.0, 1923.6666666666667, 1898.0, 1880.6666666666667
0.6976981351981353,2, 484.0, 1543.5, 0.03, 484.0, 468.5, 455.0, 1543.5, 1542.5, 1553.5
0.875,1, 590.0, 1784.0, 0.04, 588.0, 613.0, 615.0, 1783.0, 1784.0, 1851.0
0.05963228348710511,3, 520.6666666666666, 1715.6666666666667, 0.030333333333333334, 525.3333333333334, 514.3333333333334, 504.6666666666667, 1782.3333333333333, 1747.3333333333333, 1703.6666666666667
0.9056603773584906,1, 504.0, 1590.0, 0.03, 505.0, 495.0, 490.0, 1590.0, 1629.0, 1688.0
0.007246376811594203,1, 684.0, 2009.0, 0.03, 684.0, 663.0, 642.0, 2009.0, 1993.0, 1947.0
0.6,1, 524.0, 2017.0, 0.031, 524.0, 510.0, 491.0, 2017.0, 2008.0, 2005.0
0.41485001407712074,1, 465.0, 1416.0, 0.03, 462.0, 447.0, 459.0, 1834.0, 1763.0, 1734.0
0.03986826139712255,1, 660.0, 1965.0, 0.03, 660.0, 657.0, 602.0, 1965.0, 1953.0, 1915.0
0.45454545454545453,8, 554.875, 1804.5, 0.035, 552.75, 550.625, 542.5, 1803.0, 1776.375, 1738.0
0.9915014164305949,1, 426.0, 1707.0, 0.03, 414.0, 398.0, 384.0, 2176.0, 2202.0, 2246.0
0.051490514905149054,1, 591.0, 1776.0, 0.05, 587.0, 580.0, 527.0, 1786.0, 1757.0, 1741.0
