0.0,3, 589.6666666666666, 1735.6666666666667, 0.03333333333333333, 594.0, 593.3333333333334, 585.6666666666666, 1838.3333333333333, 1849.0, 1849.0
0.26754289597142034,81, 555.8395061728395, 1915.9382716049383, 0.039333333333333324, 556.8518518518518, 551.2592592592592, 550.4691358024692, 1921.4074074074074, 1939.9135802469136, 1965.6543209876543
0.28797816531883524,42, 564.0, 1918.857142857143, 0.042380952380952394, 573.2142857142857, 566.0238095238095, 564.047619047619, 1978.5, 1984.3809523809523, 1995.6190476190477
1.0,3, 531.6666666666666, 1822.6666666666667, 0.04, 533.6666666666666, 518.0, 500.6666666666667, 1825.3333333333333, 1815.6666666666667, 1848.6666666666667
0.43643745749829993,3, 495.6666666666667, 1841.6666666666667, 0.05000000000000001, 488.6666666666667, 499.0, 492.0, 1821.6666666666667, 1876.0, 1915.6666666666667
0.4949186991869919,1, 572.0, 1867.0, 0.03, 572.0, 569.0, 567.0, 1867.0, 1868.0, 1873.0
0.989451476793249,2, 526.0, 1729.5, 0.036000000000000004, 526.5, 520.5, 515.0, 1728.0, 1740.5, 1752.5
0.20833333333333334,9, 500.6666666666667, 1907.0, 0.04344444444444444, 498.8888888888889, 497.22222222222223, 490.8888888888889, 1918.111111111111, 1916.4444444444443, 1903.7777777777778
0.3333333333333333,9, 586.3333333333334, 1766.7777777777778, 0.05111111111111111, 587.2222222222222, 570.1111111111111, 518.7777777777778, 1747.6666666666667, 1798.3333333333333, 1826.111111111111
0.11904761904761904,39, 518.7179487179487, 1846.4615384615386, 0.04000000000000001, 523.1282051282051, 526.8974358974359, 536.6923076923077, 1861.076923076923, 1870.5128205128206, 1892.025641025641
0.23226773226773229,3, 535.3333333333334, 1829.6666666666667, 0.043333333333333335, 536.6666666666666, 524.3333333333334, 505.6666666666667, 1826.0, 1843.3333333333333, 1853.0
0.11518225545177777,4, 530.75, 1918.5, 0.050249999999999996, 532.75, 524.75, 501.75, 1905.0, 1944.75, 1968.25
0.4857142857142857,1, 607.0, 1940.0, 0.04, 606.0, 604.0, 585.0, 1942.0, 1935.0, 1936.0
0.1875,5, 580.4, 2026.4, 0.042, 579.4, 574.6, 562.6, 2021.2, 2052.0, 2067.2
0.9558498896247241,2, 533.0, 1873.5, 0.04, 533.5, 525.0, 508.5, 1870.5, 1901.0, 1938.5
0.3638457203316736,3, 547.0, 1798.3333333333333, 0.03366666666666667, 546.6666666666666, 552.3333333333334, 591.6666666666666, 1799.0, 1789.3333333333333, 1774.0
0.43993552669005404,3, 523.6666666666666, 2021.0, 0.04, 523.3333333333334, 520.0, 496.0, 2020.3333333333333, 2031.6666666666667, 2053.3333333333335
0.06097560975609756,4, 514.0, 1894.75, 0.04050000000000001, 514.25, 510.25, 500.5, 1884.75, 1916.5, 1948.0
0.9901960784313726,12, 542.0833333333334, 1900.25, 0.04308333333333333, 549.0, 547.4166666666666, 545.9166666666666, 2032.0, 2029.9166666666667, 2113.0833333333335
0.01825117263784198,1, 538.0, 1647.0, 0.061, 528.0, 539.0, 524.0, 1622.0, 1643.0, 1634.0
0.8685759145912924,7, 497.0, 1923.857142857143, 0.03557142857142857, 498.14285714285717, 493.57142857142856, 486.57142857142856, 1926.0, 1973.0, 2010.2857142857142
0.047573739295908656,4, 520.75, 1900.75, 0.03975, 524.5, 511.5, 498.75, 1901.75, 1899.5, 1894.5
0.4304347826086956,10, 548.5, 1826.2, 0.04109999999999999, 552.3, 527.1, 596.6, 1897.1, 1921.5, 2029.3
0.5714285714285714,6, 511.6666666666667, 1776.8333333333333, 0.043500000000000004, 512.8333333333334, 506.3333333333333, 500.6666666666667, 1776.3333333333333, 1786.6666666666667, 1809.0
0.3169086541174173,1, 529.0, 1796.0, 0.04, 530.0, 516.0, 495.0, 1791.0, 1831.0, 1859.0
0.25,4, 528.0, 2025.0, 0.03, 529.0, 530.0, 531.0, 2035.25, 2053.5, 2074.75
0.4888888888888889,6, 512.0, 1990.8333333333333, 0.03833333333333334, 513.6666666666666, 502.8333333333333, 482.5, 1985.5, 2001.5, 2025.8333333333333
0.11457431215500621,1, 537.0, 1840.0, 0.04, 536.0, 547.0, 550.0, 1837.0, 1859.0, 1878.0
0.004,2, 542.0, 1854.5, 0.0395, 944.0, 799.5, 551.5, 2234.5, 2196.0, 2181.0
0.8189551750463518,1, 531.0, 1965.0, 0.05, 536.0, 515.0, 475.0, 1946.0, 1981.0, 1994.0
0.8583333333333334,3, 488.6666666666667, 1893.3333333333333, 0.036666666666666674, 489.6666666666667, 480.3333333333333, 467.0, 1891.6666666666667, 1905.6666666666667, 1924.3333333333333
0.7924477861944679,1, 535.0, 1915.0, 0.06, 531.0, 521.0, 507.0, 1907.0, 1931.0, 1988.0
0.851063829787234,1, 545.0, 2141.0, 0.05, 543.0, 542.0, 518.0, 2128.0, 2142.0, 2155.0
0.03540179922937689,2, 507.5, 2034.5, 0.04, 507.5, 499.0, 488.0, 2034.5, 2061.5, 2110.0
0.0461236316271587,2, 499.5, 1798.5, 0.035, 499.5, 501.0, 504.5, 1797.5, 1801.5, 1802.0
0.09613819705639245,3, 553.0, 1837.0, 0.030333333333333334, 553.0, 555.0, 555.3333333333334, 1837.0, 1830.6666666666667, 1822.0
0.0664819944598338,1, 498.0, 1864.0, 0.041, 498.0, 497.0, 484.0, 1863.0, 1876.0, 1875.0
0.9768518518518519,6, 510.3333333333333, 1929.3333333333333, 0.04, 510.6666666666667, 504.5, 496.8333333333333, 1928.3333333333333, 1942.5, 1957.0
0.9,8, 531.375, 1995.5, 0.04724999999999999, 533.0, 526.125, 518.25, 1983.0, 2034.375, 2048.5
0.16366612111292964,2, 513.5, 2021.5, 0.0555, 543.5, 502.0, 754.0, 2047.5, 2071.0, 2494.5
0.34014806386840046,1, 527.0, 1888.0, 0.03, 527.0, 522.0, 518.0, 1888.0, 1895.0, 1898.0
0.8166666666666667,2, 525.5, 1829.0, 0.045, 529.5, 512.5, 491.5, 1818.5, 1836.0, 1831.0
0.39601850516956444,2, 472.5, 1677.0, 0.0505, 478.0, 463.5, 636.0, 1669.0, 1700.0, 1938.5
0.3975563909774436,1, 509.0, 1745.0, 0.04, 509.0, 502.0, 490.0, 1743.0, 1763.0, 1791.0
0.21524064171122995,1, 603.0, 1925.0, 0.041, 604.0, 594.0, 582.0, 1919.0, 1950.0, 1964.0
0.08950545727963642,4, 508.75, 1966.0, 0.037000000000000005, 920.5, 1055.25, 877.25, 2322.5, 2376.75, 2317.75
0.14556962025316456,6, 558.8333333333334, 1906.6666666666667, 0.04016666666666666, 561.0, 569.6666666666666, 676.8333333333334, 1963.5, 1978.0, 2088.8333333333335
0.06573290878638645,3, 566.6666666666666, 1845.0, 0.04033333333333333, 560.6666666666666, 542.3333333333334, 668.3333333333334, 1947.6666666666667, 1963.0, 2125.0
0.2582808742897702,1, 531.0, 1936.0, 0.05, 530.0, 520.0, 484.0, 1909.0, 1974.0, 1960.0
0.08250825082508251,1, 597.0, 2065.0, 0.04, 598.0, 582.0, 566.0, 2062.0, 2074.0, 2055.0
0.853299856527977,3, 554.0, 1777.3333333333333, 0.043333333333333335, 548.6666666666666, 553.0, 535.0, 1777.6666666666667, 1773.0, 1782.3333333333333
0.01737228245385574,1, 509.0, 1657.0, 0.03, 509.0, 500.0, 488.0, 1657.0, 1675.0, 1690.0
0.0662940654052643,4, 552.5, 1937.0, 0.03725, 552.75, 544.75, 526.75, 1933.0, 1954.75, 1927.75
0.20978831347592225,1, 510.0, 1936.0, 0.04, 512.0, 499.0, 489.0, 1940.0, 1913.0, 1926.0
0.09401709401709402,7, 543.2857142857143, 1814.2857142857142, 0.03142857142857143, 567.8571428571429, 558.0, 574.4285714285714, 1921.857142857143, 1916.0, 1940.857142857143
0.002472799208704253,4, 531.5, 1880.25, 0.03225, 532.0, 524.25, 517.25, 1880.0, 1877.5, 1873.75
0.9199999999999999,1, 510.0, 2019.0, 0.031, 510.0, 504.0, 499.0, 2019.0, 2025.0, 2026.0
0.3468338725085468,5, 550.2, 2014.4, 0.035800000000000005, 551.0, 541.0, 530.6, 2015.0, 2008.4, 2010.6
0.044642857142857144,4, 564.5, 1900.5, 0.035, 564.75, 559.5, 550.25, 1900.5, 1901.5, 1910.25
0.4473684210526316,3, 541.0, 1902.3333333333333, 0.029666666666666664, 541.0, 543.0, 545.6666666666666, 1902.3333333333333, 1900.3333333333333, 1897.6666666666667
0.5591230662924629,1, 538.0, 1954.0, 0.05, 533.0, 536.0, 513.0, 1929.0, 1979.0, 1991.0
0.0847457627118644,6, 556.0, 1951.1666666666667, 0.0415, 555.0, 555.8333333333334, 547.6666666666666, 1948.6666666666667, 1959.3333333333333, 1957.0
0.9090909090909091,2, 563.5, 1955.5, 0.03, 563.5, 542.0, 518.5, 1955.5, 1936.5, 1913.0
0.30319148936170215,4, 568.5, 1929.0, 0.03475, 569.0, 597.75, 622.25, 1927.75, 1945.5, 1994.25
0.8914565826330532,1, 499.0, 2005.0, 0.05, 505.0, 494.0, 491.0, 2022.0, 2002.0, 2010.0
0.037286724927174365,1, 515.0, 1958.0, 0.041, 517.0, 512.0, 510.0, 1958.0, 1966.0, 1926.0
0.5286233530213539,3, 536.6666666666666, 1919.0, 0.06033333333333334, 535.0, 523.6666666666666, 498.0, 1904.3333333333333, 1944.3333333333333, 1970.3333333333333
0.935483870967742,2, 546.5, 1870.0, 0.055499999999999994, 554.0, 542.5, 531.0, 1858.5, 1886.5, 1897.0
0.5,3, 530.0, 1823.3333333333333, 0.033, 533.6666666666666, 526.0, 509.3333333333333, 1846.6666666666667, 1843.0, 1836.0
0.6976981351981353,2, 532.0, 1933.0, 0.046, 535.0, 513.5, 507.5, 1935.0, 1936.0, 1921.0
0.875,1, 535.0, 1858.0, 0.03, 535.0, 528.0, 522.0, 1858.0, 1869.0, 1878.0
0.05963228348710511,3, 530.3333333333334, 1760.0, 0.037000000000000005, 532.0, 526.0, 519.6666666666666, 1760.3333333333333, 1723.0, 1648.3333333333333
0.9056603773584906,1, 522.0, 1704.0, 0.03, 522.0, 518.0, 514.0, 1704.0, 1718.0, 1740.0
0.007246376811594203,1, 535.0, 1889.0, 0.04, 535.0, 467.0, 502.0, 1889.0, 1872.0, 1937.0
0.6,1, 580.0, 1835.0, 0.029, 580.0, 577.0, 574.0, 1835.0, 1844.0, 1851.0
0.41485001407712074,1, 576.0, 1947.0, 0.03, 576.0, 573.0, 569.0, 1947.0, 1962.0, 1996.0
0.03986826139712255,1, 573.0, 1894.0, 0.039, 574.0, 562.0, 546.0, 1893.0, 1902.0, 1908.0
0.45454545454545453,8, 515.0, 1724.375, 0.038875, 718.75, 638.0, 592.125, 2099.125, 2087.375, 2068.25
0.9915014164305949,1, 546.0, 2039.0, 0.049, 552.0, 533.0, 511.0, 2026.0, 2055.0, 2047.0
0.051490514905149054,1, 514.0, 1887.0, 0.05, 518.0, 505.0, 511.0, 1855.0, 1928.0, 1973.0
