0.0,2, 296.5, 784.0, 0.017, 296.25, 294.5, 287.75, 783.25, 772.25, 744.25
0.26754289597142034,92, 5.955222117202269, 16.767485822306238, 0.00035704158790170074, 6.171904536862004, 6.00460775047259, 5.852315689981096, 17.45569470699433, 17.15111058601134, 16.87476370510397
0.28797816531883524,78, 7.71318211702827, 19.594838921761998, 0.0004289940828402361, 7.714003944773176, 7.592044707429323, 7.428994082840236, 19.607988165680474, 19.34894806048652, 19.12836949375411
1.0,5, 103.55999999999999, 373.15999999999997, 0.00676, 103.88, 100.72, 98.76, 387.64, 381.84000000000003, 379.96
0.02082912411450186,7, 88.83673469387756, 237.57142857142858, 0.006306122448979592, 89.48979591836735, 89.10204081632652, 87.85714285714286, 238.10204081632654, 234.3673469387755, 228.48979591836732
0.4304347826086956,18, 34.55864197530864, 89.27777777777777, 0.0018549382716049384, 35.89506172839506, 33.083333333333336, 31.824074074074076, 94.88888888888889, 92.75617283950618, 94.67901234567901
0.3333333333333333,2, 286.0, 910.0, 0.0175, 286.5, 277.75, 266.25, 910.5, 905.25, 907.75
0.9056603773584906,13, 49.526627218934905, 123.17751479289942, 0.002603550295857988, 49.70414201183432, 48.532544378698226, 47.213017751479285, 127.44970414201183, 127.0, 127.7455621301775
0.16129032258064516,6, 98.44444444444444, 272.19444444444446, 0.0053055555555555555, 98.3888888888889, 97.16666666666667, 94.72222222222223, 272.36111111111114, 268.5, 264.27777777777777
0.4827586206896552,1, 589.0, 1309.0, 0.029, 589.0, 581.0, 556.0, 1309.0, 1302.0, 1289.0
0.11904761904761904,26, 21.881656804733726, 65.28254437869822, 0.00123224852071006, 21.942307692307693, 21.792899408284025, 21.402366863905325, 67.1775147928994, 67.86538461538461, 69.56360946745562
0.7746112594346588,1, 566.0, 1469.0, 0.03, 566.0, 552.0, 538.0, 1469.0, 1463.0, 1465.0
0.5145823094171409,1, 523.0, 1662.0, 0.03, 523.0, 505.0, 469.0, 1662.0, 1686.0, 1654.0
0.11518225545177777,1, 676.0, 1488.0, 0.071, 686.0, 665.0, 663.0, 1505.0, 1472.0, 1430.0
0.4857142857142857,19, 29.545706371191134, 80.01662049861496, 0.00229639889196676, 29.71745152354571, 29.634349030470915, 27.598337950138504, 80.27146814404432, 81.10803324099723, 83.48753462603878
0.1875,2, 276.25, 762.5, 0.01525, 276.25, 272.5, 269.5, 762.75, 758.75, 756.25
0.4473684210526316,6, 89.3888888888889, 247.66666666666666, 0.005083333333333333, 89.3888888888889, 88.22222222222223, 86.91666666666667, 247.66666666666666, 244.63888888888889, 241.55555555555554
0.3858168631654727,3, 188.0, 542.0, 0.011222222222222224, 188.33333333333334, 186.11111111111111, 185.88888888888889, 542.1111111111111, 540.3333333333334, 541.5555555555555
0.22993864229373032,1, 524.0, 1582.0, 0.03, 524.0, 518.0, 510.0, 1582.0, 1560.0, 1532.0
0.989451476793249,1, 824.0, 1211.0, 0.3, 827.0, 829.0, 850.0, 1207.0, 1219.0, 1288.0
0.9985696771557009,2, 317.75, 834.5, 0.01525, 318.0, 312.75, 302.75, 834.5, 822.0, 805.5
0.43993552669005404,8, 65.09375, 199.171875, 0.004078125, 65.5625, 62.34375, 59.5, 202.34375, 200.0625, 198.53125
0.03568369968598344,4, 135.5625, 446.5, 0.009312500000000001, 135.5, 136.0, 136.0, 447.8125, 441.0625, 439.25
0.047573739295908656,3, 199.0, 468.6666666666667, 0.011111111111111112, 199.33333333333334, 188.2222222222222, 176.88888888888889, 468.6666666666667, 472.22222222222223, 474.1111111111111
0.9199999999999999,7, 78.51020408163265, 218.75510204081633, 0.004612244897959183, 78.57142857142857, 76.0204081632653, 73.10204081632654, 218.81632653061226, 217.28571428571428, 215.0612244897959
0.25,2, 312.0, 825.75, 0.015, 314.0, 310.75, 304.0, 854.5, 840.25, 822.0
0.11457431215500621,2, 271.0, 759.5, 0.02, 272.75, 252.75, 226.75, 760.75, 748.5, 730.0
0.7924477861944679,2, 308.25, 704.5, 0.027, 308.75, 310.25, 307.25, 673.25, 784.5, 827.5
0.0461236316271587,2, 337.25, 860.75, 0.0225, 331.25, 343.75, 352.5, 874.75, 830.0, 792.25
0.6047008547008548,5, 115.47999999999999, 323.32, 0.0064, 115.24000000000001, 115.24000000000001, 113.2, 326.48, 317.04, 307.52
0.9558498896247241,1, 572.0, 1657.0, 0.04, 572.0, 558.0, 486.0, 1661.0, 1644.0, 1668.0
0.0664819944598338,4, 126.875, 514.125, 0.0074375, 145.1875, 129.8125, 127.25, 600.1875, 582.5, 574.6875
0.9901960784313726,26, 23.399408284023668, 58.47041420118343, 0.0015857988165680478, 23.522189349112427, 23.180473372781066, 21.65680473372781, 60.95414201183432, 59.59023668639053, 58.70414201183432
0.9768518518518519,7, 80.18367346938776, 214.69387755102042, 0.004877551020408164, 80.40816326530613, 78.0, 74.89795918367348, 215.14285714285714, 209.65306122448982, 204.14285714285714
0.21055693545331977,10, 57.45, 163.56, 0.0036800000000000014, 57.36, 55.96, 52.92999999999999, 164.28, 162.35999999999999, 160.62
0.09732706075762634,4, 146.5, 389.5, 0.00925, 149.25, 142.1875, 136.25, 397.0, 391.8125, 407.75
0.39601850516956444,5, 106.52000000000001, 253.08, 0.00876, 113.44000000000001, 106.88, 97.56, 287.2, 274.71999999999997, 282.56
0.3975563909774436,1, 579.0, 1496.0, 0.041, 578.0, 578.0, 559.0, 1502.0, 1466.0, 1446.0
0.14556962025316456,1, 615.0, 1690.0, 0.04, 615.0, 607.0, 544.0, 1696.0, 1662.0, 1667.0
0.06573290878638645,2, 269.75, 844.5, 0.015, 617.5, 595.0, 548.75, 999.25, 1029.5, 1031.25
0.9324324324324325,2, 263.75, 825.0, 0.017750000000000002, 274.5, 239.75, 232.0, 841.75, 780.5, 786.5
0.853299856527977,1, 596.0, 1572.0, 0.04, 597.0, 587.0, 570.0, 1576.0, 1547.0, 1533.0
0.1721311475409836,7, 86.9795918367347, 219.51020408163268, 0.005122448979591837, 88.6938775510204, 87.3061224489796, 83.71428571428571, 221.65306122448982, 217.14285714285714, 214.77551020408163
0.01737228245385574,2, 322.5, 844.0, 0.01475, 322.5, 339.0, 381.0, 844.0, 855.5, 887.25
0.7004124065641378,1, 532.0, 1741.0, 0.031, 532.0, 531.0, 526.0, 1741.0, 1708.0, 1642.0
0.5555555555555556,2, 292.5, 844.5, 0.0175, 293.0, 288.5, 284.75, 845.0, 886.75, 965.25
0.08950545727963642,12, 45.236111111111114, 131.5, 0.003284722222222222, 45.854166666666664, 43.97222222222222, 42.68055555555555, 135.35416666666666, 134.375, 135.1875
0.7252567693744165,1, 454.0, 1097.0, 0.029, 454.0, 456.0, 462.0, 1097.0, 1099.0, 1109.0
0.5,1, 414.0, 1568.0, 0.03, 414.0, 415.0, 422.0, 1861.0, 1832.0, 1789.0
0.0847457627118644,1, 607.0, 1662.0, 0.029, 607.0, 605.0, 594.0, 1662.0, 1652.0, 1612.0
0.4949186991869919,5, 108.44000000000001, 309.96, 0.006, 108.44000000000001, 107.2, 105.67999999999999, 309.96, 310.24, 309.91999999999996
0.30319148936170215,6, 90.05555555555556, 276.63888888888886, 0.006083333333333333, 90.55555555555556, 86.1388888888889, 81.77777777777779, 277.55555555555554, 276.86111111111114, 276.69444444444446
0.4888888888888889,18, 32.83641975308642, 93.35185185185185, 0.002253086419753087, 32.95061728395061, 32.648148148148145, 31.663580246913583, 94.30864197530865, 94.37962962962962, 93.65432098765433
0.9,7, 75.67346938775509, 215.3673469387755, 0.004489795918367347, 75.67346938775509, 74.93877551020408, 73.10204081632654, 215.48979591836732, 214.42857142857142, 213.65306122448982
0.5714285714285714,1, 831.0, 1496.0, 0.07, 881.0, 822.0, 780.0, 1600.0, 1412.0, 1340.0
0.6976981351981353,2, 263.5, 888.0, 0.01525, 263.5, 270.25, 282.75, 888.0, 879.25, 869.0
0.3638457203316736,8, 68.84375, 197.09375, 0.004203125, 68.9375, 67.8125, 66.03125, 197.359375, 194.109375, 191.375
0.6,8, 73.5625, 191.578125, 0.003921875, 73.59375, 71.78125, 70.0625, 191.609375, 189.4375, 189.265625
0.41485001407712074,1, 583.0, 1511.0, 0.04, 607.0, 440.0, 401.0, 1536.0, 1430.0, 1365.0
0.06119523026890933,1, 526.0, 1958.0, 0.03, 527.0, 517.0, 497.0, 1958.0, 1937.0, 1905.0
