0.0,2, 288.5, 838.5, 0.02, 287.25, 290.0, 285.75, 844.75, 826.25, 812.5
0.26754289597142034,92, 6.590619092627599, 18.082703213610586, 0.00034735349716446086, 6.93289224952741, 6.873227788279773, 6.796195652173913, 18.62842627599244, 18.703922495274103, 18.857632325141775
0.28797816531883524,78, 8.14973701512163, 18.725673898750824, 0.00045134779750164323, 8.58974358974359, 8.429815910585141, 8.358316896778435, 19.470578566732414, 19.719592373438527, 20.00525969756739
1.0,5, 113.12, 329.36, 0.0064, 113.2, 112.84, 112.64000000000001, 329.04, 331.36, 334.24
0.02082912411450186,7, 92.32653061224491, 265.3061224489796, 0.007775510204081633, 92.85714285714286, 91.57142857142857, 85.18367346938776, 267.7142857142857, 268.7755102040816, 266.6938775510204
0.4304347826086956,18, 43.126543209876544, 81.71604938271605, 0.0020524691358024694, 43.111111111111114, 42.666666666666664, 41.57098765432099, 81.46604938271605, 82.47222222222223, 83.09876543209877
0.3333333333333333,2, 345.75, 871.0, 0.02, 345.5, 342.0, 322.75, 866.25, 866.75, 842.0
0.9056603773584906,12, 57.38194444444445, 134.74305555555557, 0.003118055555555556, 57.25694444444445, 57.81944444444445, 57.520833333333336, 134.69444444444443, 135.61111111111111, 135.22916666666666
0.16129032258064516,6, 116.22222222222223, 281.52777777777777, 0.005861111111111111, 115.77777777777777, 116.05555555555556, 114.41666666666667, 281.27777777777777, 282.61111111111114, 283.27777777777777
0.4827586206896552,1, 582.0, 1378.0, 0.03, 582.0, 601.0, 612.0, 1378.0, 1367.0, 1356.0
0.11904761904761904,26, 25.201183431952664, 66.65384615384616, 0.0013121301775147936, 25.208579881656803, 24.992603550295858, 24.507396449704142, 66.54289940828401, 66.89792899408283, 67.12721893491124
0.7746112594346588,1, 674.0, 1520.0, 0.03, 674.0, 676.0, 677.0, 1520.0, 1520.0, 1524.0
0.5145823094171409,1, 435.0, 2036.0, 0.03, 435.0, 432.0, 429.0, 2036.0, 2020.0, 1999.0
0.11518225545177777,1, 945.0, 1450.0, 0.06, 904.0, 957.0, 902.0, 1453.0, 1449.0, 1416.0
0.4857142857142857,19, 33.31578947368421, 85.57340720221606, 0.0016869806094182832, 33.30470914127424, 33.05540166204986, 32.52354570637119, 85.5623268698061, 85.55401662049861, 85.42105263157895
0.1875,2, 297.0, 902.5, 0.02775, 299.5, 293.75, 289.25, 903.75, 913.75, 924.5
0.4473684210526316,6, 109.91666666666667, 276.77777777777777, 0.005277777777777778, 109.91666666666667, 108.91666666666667, 107.41666666666667, 276.63888888888886, 279.4166666666667, 282.8333333333333
0.3858168631654727,3, 225.88888888888889, 544.1111111111111, 0.011111111111111112, 225.55555555555554, 226.33333333333334, 225.11111111111111, 544.4444444444445, 544.2222222222223, 541.4444444444445
0.22993864229373032,1, 591.0, 1813.0, 0.029, 591.0, 588.0, 579.0, 1813.0, 1811.0, 1805.0
0.989451476793249,1, 585.0, 1703.0, 0.04, 585.0, 576.0, 559.0, 1703.0, 1718.0, 1740.0
0.9985696771557009,2, 346.25, 826.75, 0.01525, 346.25, 346.25, 344.75, 826.75, 831.75, 836.0
0.43993552669005404,8, 73.703125, 202.96875, 0.0044218750000000005, 73.4375, 73.421875, 71.515625, 202.765625, 203.140625, 203.015625
0.03568369968598344,3, 171.55555555555554, 614.7777777777777, 0.01, 171.66666666666666, 171.44444444444446, 171.2222222222222, 621.5555555555555, 621.0, 619.5555555555555
0.047573739295908656,3, 237.0, 497.8888888888889, 0.01088888888888889, 237.0, 236.0, 235.33333333333334, 498.77777777777777, 494.5555555555556, 494.8888888888889
0.9199999999999999,7, 107.65306122448979, 239.18367346938774, 0.004918367346938776, 107.85714285714286, 107.6938775510204, 107.55102040816327, 238.81632653061226, 244.51020408163268, 249.79591836734696
0.25,2, 299.5, 853.25, 0.015, 292.0, 285.0, 276.25, 887.5, 900.0, 912.0
0.11457431215500621,2, 338.75, 773.25, 0.0175, 338.75, 334.25, 326.0, 773.25, 765.25, 756.5
0.7924477861944679,2, 383.75, 886.25, 0.01975, 382.75, 386.0, 373.5, 885.25, 880.75, 860.75
0.0461236316271587,2, 317.5, 885.25, 0.0225, 315.5, 319.0, 313.25, 879.0, 897.0, 910.0
0.6047008547008548,5, 123.2, 326.96, 0.0068000000000000005, 123.12, 122.16, 119.67999999999999, 326.96, 329.52, 332.76
0.9558498896247241,1, 711.0, 1656.0, 0.04, 710.0, 712.0, 699.0, 1653.0, 1668.0, 1666.0
0.0664819944598338,4, 147.125, 437.75, 0.009375, 147.1875, 146.1875, 142.4375, 437.125, 441.8125, 446.5625
0.9901960784313726,26, 24.909763313609467, 60.06213017751479, 0.0012174556213017758, 26.40680473372781, 25.85355029585799, 25.1094674556213, 62.22485207100591, 62.35207100591716, 62.426035502958584
0.9768518518518519,7, 96.95918367346938, 254.79591836734696, 0.0042448979591836735, 96.95918367346938, 96.55102040816327, 95.77551020408164, 254.79591836734696, 255.65306122448982, 255.89795918367346
0.21055693545331977,10, 59.510000000000005, 161.05, 0.0031700000000000005, 59.92, 62.629999999999995, 70.47, 162.10999999999999, 165.15, 171.54000000000002
0.09732706075762634,4, 151.75, 396.5625, 0.00875, 151.625, 149.875, 146.125, 395.6875, 397.75, 398.875
0.39601850516956444,5, 124.64000000000001, 268.84000000000003, 0.00676, 124.55999999999999, 125.4, 125.64000000000001, 268.64, 268.44, 268.24
0.3975563909774436,1, 723.0, 1602.0, 0.031, 723.0, 729.0, 726.0, 1603.0, 1593.0, 1583.0
0.14556962025316456,1, 580.0, 1691.0, 0.03, 580.0, 565.0, 551.0, 1691.0, 1686.0, 1680.0
0.06573290878638645,2, 327.25, 836.25, 0.015, 317.25, 306.5, 293.75, 825.75, 832.5, 837.0
0.9324324324324325,2, 348.5, 768.0, 0.025, 351.25, 337.0, 317.25, 763.0, 775.25, 779.0
0.853299856527977,1, 647.0, 1583.0, 0.03, 647.0, 643.0, 642.0, 1583.0, 1600.0, 1618.0
0.1721311475409836,7, 95.26530612244899, 232.85714285714286, 0.004306122448979591, 95.81632653061224, 94.28571428571429, 92.36734693877551, 241.0408163265306, 241.44897959183672, 243.34693877551018
0.01737228245385574,2, 390.0, 883.75, 0.02, 389.0, 391.75, 383.5, 883.5, 881.25, 875.5
0.7004124065641378,1, 642.0, 1794.0, 0.061, 640.0, 624.0, 611.0, 1785.0, 1806.0, 1835.0
0.5555555555555556,2, 316.5, 917.0, 0.03275, 312.0, 312.0, 306.0, 914.5, 933.5, 940.25
0.08950545727963642,12, 49.09027777777778, 137.22222222222223, 0.002694444444444444, 49.104166666666664, 48.99305555555555, 48.861111111111114, 137.30555555555557, 136.50694444444443, 135.23611111111111
0.7252567693744165,1, 746.0, 1785.0, 0.031, 746.0, 745.0, 735.0, 1785.0, 1787.0, 1768.0
0.5,1, 549.0, 1578.0, 0.04, 548.0, 558.0, 552.0, 1580.0, 1562.0, 1549.0
0.0847457627118644,1, 536.0, 1854.0, 0.029, 536.0, 536.0, 536.0, 1854.0, 1850.0, 1837.0
0.4949186991869919,5, 122.2, 305.84000000000003, 0.009240000000000002, 122.6, 120.67999999999999, 117.55999999999999, 305.84000000000003, 306.44, 306.15999999999997
0.30319148936170215,6, 104.58333333333333, 292.30555555555554, 0.008055555555555557, 104.08333333333333, 104.41666666666667, 99.6388888888889, 292.77777777777777, 293.25, 293.80555555555554
0.4888888888888889,18, 34.75308641975309, 96.58333333333333, 0.0024135802469135805, 34.68827160493827, 34.44444444444444, 33.91975308641975, 97.39197530864197, 97.25, 97.10802469135803
0.9,7, 88.0, 241.42857142857142, 0.004530612244897959, 88.06122448979592, 87.04081632653062, 84.87755102040816, 241.3673469387755, 241.40816326530611, 240.69387755102042
0.5714285714285714,1, 614.0, 1754.0, 0.03, 614.0, 610.0, 604.0, 1754.0, 1766.0, 1777.0
0.6976981351981353,2, 298.0, 876.0, 0.015, 298.0, 299.0, 297.5, 876.0, 880.5, 879.0
0.3638457203316736,8, 82.265625, 224.015625, 0.004546875000000001, 82.15625, 84.734375, 87.140625, 223.265625, 225.796875, 226.984375
0.6,8, 75.015625, 213.640625, 0.00453125, 74.90625, 74.96875, 74.4375, 209.234375, 214.796875, 217.546875
0.41485001407712074,1, 527.0, 1783.0, 0.04, 527.0, 525.0, 519.0, 1779.0, 1812.0, 1821.0
0.06119523026890933,1, 413.0, 1705.0, 0.03, 413.0, 423.0, 424.0, 1705.0, 1692.0, 1678.0
