0.0,10, 538.0, 2403.6, 0.1129, 541.1, 530.7, 589.3, 2403.8, 2319.1, 2127.5
0.26754289597142034,63, 538.015873015873, 2386.4761904761904, 0.08625396825396822, 539.7619047619048, 539.3968253968254, 616.0952380952381, 2376.095238095238, 2366.8888888888887, 2295.5079365079364
0.28797816531883524,32, 539.9375, 2210.53125, 0.08121874999999999, 568.46875, 589.40625, 649.78125, 2228.21875, 2237.09375, 2093.625
1.0,3, 562.0, 2034.3333333333333, 0.03, 562.3333333333334, 567.6666666666666, 574.0, 2034.3333333333333, 2008.3333333333333, 1976.3333333333333
0.43643745749829993,1, 553.0, 2300.0, 0.11, 552.0, 632.0, 582.0, 2350.0, 2307.0, 2031.0
0.4949186991869919,1, 487.0, 2383.0, 0.05, 492.0, 491.0, 502.0, 2333.0, 2412.0, 2332.0
0.07261164901661495,32, 541.3125, 2133.75, 0.06334375000000002, 540.125, 605.75, 741.28125, 2123.0, 2159.0625, 2196.84375
0.989451476793249,10, 524.2, 2140.3, 0.1012, 524.2, 523.4, 531.9, 2118.2, 2079.4, 1964.7
0.16129032258064516,2, 536.0, 2028.5, 0.08, 534.0, 540.0, 607.0, 2077.0, 1863.0, 1888.5
0.20833333333333334,3, 516.3333333333334, 2498.6666666666665, 0.19633333333333336, 513.6666666666666, 530.3333333333334, 1007.3333333333334, 2485.3333333333335, 2398.6666666666665, 2460.0
0.23226773226773229,3, 565.6666666666666, 2109.6666666666665, 0.057333333333333326, 565.3333333333334, 576.3333333333334, 577.0, 2101.3333333333335, 2096.6666666666665, 2076.6666666666665
0.5,1, 641.0, 1343.0, 0.03, 641.0, 644.0, 642.0, 1343.0, 1392.0, 1443.0
-0.0032147828574918907,8, 488.375, 2288.0, 0.13, 490.25, 491.0, 578.0, 2268.25, 2280.5, 2096.375
0.9324324324324325,1, 502.0, 2442.0, 0.241, 501.0, 489.0, 537.0, 2428.0, 2585.0, 2701.0
0.9558498896247241,4, 474.5, 2354.5, 0.093, 482.0, 465.5, 485.75, 2337.25, 2333.0, 2063.75
0.3638457203316736,8, 488.625, 2543.0, 0.12112500000000001, 489.625, 487.875, 526.0, 2536.0, 2588.125, 2507.25
0.9901960784313726,21, 551.952380952381, 2232.5714285714284, 0.08961904761904763, 552.2380952380952, 559.2857142857143, 645.5238095238095, 2230.0476190476193, 2217.714285714286, 2078.2380952380954
0.20978831347592225,7, 519.2857142857143, 2360.285714285714, 0.12442857142857142, 524.8571428571429, 491.85714285714283, 722.1428571428571, 2338.4285714285716, 2358.5714285714284, 2433.714285714286
0.9985696771557009,1, 538.0, 2472.0, 0.18, 541.0, 510.0, 533.0, 2465.0, 2507.0, 2254.0
0.03568369968598344,1, 491.0, 1844.0, 0.04, 490.0, 514.0, 530.0, 1857.0, 1754.0, 1654.0
0.047573739295908656,1, 476.0, 2287.0, 0.11, 473.0, 495.0, 627.0, 2255.0, 2428.0, 2434.0
0.4304347826086956,2, 512.5, 2077.5, 0.1605, 489.5, 701.5, 473.0, 2341.5, 2538.0, 2408.5
0.5232058376276886,9, 526.2222222222222, 2093.5555555555557, 0.09966666666666665, 529.3333333333334, 556.6666666666666, 565.3333333333334, 2077.8888888888887, 2088.0, 2013.0
0.9056603773584906,3, 562.3333333333334, 1943.3333333333333, 0.06733333333333334, 555.6666666666666, 598.3333333333334, 613.0, 1908.0, 1950.3333333333333, 1941.6666666666667
0.03540179922937689,8, 507.625, 2362.125, 0.08387499999999999, 512.625, 609.0, 975.75, 2428.625, 2437.875, 2518.375
0.09613819705639245,6, 524.3333333333334, 2196.8333333333335, 0.05633333333333334, 520.3333333333334, 625.8333333333334, 749.5, 2230.6666666666665, 2170.1666666666665, 2125.1666666666665
0.6047008547008548,1, 502.0, 2397.0, 0.11, 510.0, 514.0, 623.0, 2400.0, 2416.0, 2451.0
0.9199999999999999,3, 579.6666666666666, 1974.0, 0.07666666666666667, 580.0, 600.6666666666666, 668.3333333333334, 1983.0, 1828.3333333333333, 1724.3333333333333
0.34014806386840046,1, 812.0, 1573.0, 0.029, 812.0, 781.0, 820.0, 1573.0, 1489.0, 1481.0
0.09732706075762634,1, 463.0, 2209.0, 0.15, 469.0, 450.0, 473.0, 2188.0, 2290.0, 2193.0
0.39601850516956444,10, 528.5, 2275.7, 0.09219999999999999, 528.1, 560.9, 593.7, 2300.9, 2371.4, 2306.2
0.3975563909774436,3, 498.0, 2563.6666666666665, 0.15333333333333332, 508.3333333333333, 491.6666666666667, 852.0, 2553.3333333333335, 2628.0, 2604.0
0.9,4, 493.25, 1985.75, 0.1025, 499.75, 483.0, 491.75, 1957.0, 2017.5, 1887.25
0.06573290878638645,3, 529.6666666666666, 2080.3333333333335, 0.07666666666666667, 531.0, 518.3333333333334, 530.3333333333334, 2076.3333333333335, 2069.3333333333335, 1790.0
0.9768518518518519,4, 520.25, 2350.5, 0.07725, 521.0, 521.0, 607.25, 2332.0, 2375.75, 2339.25
0.2582808742897702,1, 519.0, 1859.0, 0.03, 519.0, 530.0, 545.0, 1859.0, 1846.0, 1826.0
0.01737228245385574,2, 479.5, 1954.5, 0.069, 474.0, 510.5, 563.5, 1948.0, 1944.5, 1844.5
0.4473684210526316,1, 572.0, 1440.0, 0.04, 575.0, 567.0, 635.0, 1436.0, 1475.0, 1518.0
0.5555555555555556,1, 477.0, 2786.0, 0.29, 472.0, 569.0, 496.0, 2794.0, 2293.0, 2101.0
0.08950545727963642,3, 511.3333333333333, 2650.0, 0.06333333333333334, 504.0, 561.3333333333334, 810.3333333333334, 2653.0, 2529.3333333333335, 2401.3333333333335
0.7004124065641378,6, 560.6666666666666, 2077.1666666666665, 0.11666666666666668, 560.1666666666666, 599.3333333333334, 626.8333333333334, 2070.8333333333335, 2060.5, 1928.3333333333333
0.7252567693744165,4, 560.25, 2015.5, 0.1375, 568.5, 743.0, 598.0, 2095.5, 2134.25, 2025.75
0.11904761904761904,5, 556.8, 2128.8, 0.08220000000000001, 603.0, 590.2, 634.2, 2285.8, 2188.2, 2018.8
0.0847457627118644,1, 631.0, 2689.0, 0.03, 631.0, 632.0, 633.0, 2689.0, 2707.0, 2745.0
0.30319148936170215,4, 588.5, 2018.5, 0.08524999999999999, 592.25, 590.25, 602.0, 2034.75, 1841.25, 1917.75
0.8685759145912924,3, 575.3333333333334, 2269.3333333333335, 0.09033333333333333, 576.0, 564.0, 622.0, 2285.6666666666665, 2157.6666666666665, 2097.3333333333335
0.8333333333333333,1, 693.0, 1955.0, 0.03, 693.0, 709.0, 727.0, 1955.0, 2014.0, 2056.0
0.935483870967742,1, 725.0, 2166.0, 0.03, 725.0, 764.0, 806.0, 2166.0, 2152.0, 2139.0
0.6976981351981353,1, 515.0, 2612.0, 0.1, 507.0, 556.0, 1010.0, 2573.0, 2454.0, 2204.0
0.007246376811594203,2, 499.0, 2624.0, 0.1955, 499.5, 498.0, 791.0, 2600.5, 2210.0, 2174.5
0.03986826139712255,4, 505.25, 2450.0, 0.16475, 510.5, 500.25, 719.0, 2437.75, 2445.25, 2398.5
0.9915014164305949,2, 516.5, 2547.5, 0.095, 529.5, 515.0, 602.0, 2541.5, 2475.0, 2037.0
