0.0,2, 490.75, 645.5, 0.07225000000000001, 494.0, 491.75, 461.25, 646.25, 645.75, 660.75
0.26754289597142034,106, 9.517710929156284, 11.922659309362764, 0.0010175329298682805, 9.497419010323958, 9.396938412246351, 8.688946244215023, 11.9125133499466, 11.845852616589534, 12.006496974012105
1.0,11, 81.33884297520662, 115.0413223140496, 0.010082644628099175, 80.00826446280992, 83.11570247933884, 80.1900826446281, 115.14876033057853, 115.84297520661157, 120.0
0.28797816531883524,84, 11.68891723356009, 17.876133786848072, 0.0014115646258503404, 11.58985260770975, 11.779053287981858, 10.988803854875284, 17.996315192743765, 17.58701814058957, 17.96967120181406
0.02082912411450186,11, 81.35537190082644, 117.48760330578511, 0.012223140495867764, 80.30578512396694, 82.43801652892563, 79.61157024793388, 116.76859504132231, 119.59504132231405, 121.3801652892562
0.4304347826086956,8, 127.15625, 185.96875, 0.015453125, 126.421875, 126.9375, 116.703125, 186.65625, 186.84375, 192.9375
0.07261164901661495,10, 89.55, 132.10999999999999, 0.011890000000000001, 89.02000000000001, 90.78, 87.47999999999999, 132.57999999999998, 131.07, 131.49
0.989451476793249,29, 33.871581450653984, 43.45303210463734, 0.00397384066587396, 33.64090368608799, 33.88703923900119, 32.04161712247325, 43.33531510107015, 44.25089179548157, 44.986920332936975
0.320503682584937,1, 1180.0, 1315.0, 0.1, 1203.0, 1163.0, 1151.0, 1320.0, 1319.0, 1339.0
0.20833333333333334,14, 71.8061224489796, 91.95408163265306, 0.01051530612244898, 71.4234693877551, 72.52551020408164, 69.98979591836735, 92.42857142857143, 91.04081632653062, 92.34183673469387
0.3333333333333333,1, 947.0, 1538.0, 0.12, 922.0, 1009.0, 967.0, 1538.0, 1556.0, 1583.0
0.11904761904761904,33, 29.487603305785125, 33.46372819100092, 0.0033452708907254366, 29.277318640955002, 29.808080808080806, 28.60055096418733, 33.28374655647383, 33.89807162534436, 36.576675849403124
0.23226773226773229,29, 30.980975029726515, 37.656361474435194, 0.0038596908442330565, 31.382877526753866, 30.382877526753866, 29.374554102259214, 37.948870392390006, 37.25564803804994, 38.88585017835909
0.5145823094171409,2, 480.0, 630.25, 0.07025, 480.0, 469.75, 439.25, 636.0, 652.75, 664.75
0.4473684210526316,16, 63.01171875, 74.9296875, 0.00590234375, 61.9140625, 62.58203125, 57.71484375, 74.81640625, 75.1640625, 75.66015625
0.8685759145912924,18, 50.293209876543216, 72.6820987654321, 0.006354938271604939, 50.18827160493827, 51.3179012345679, 51.80246913580247, 73.50617283950618, 73.05246913580247, 77.11111111111111
0.5,1, 1098.0, 1333.0, 0.09, 1082.0, 1101.0, 1046.0, 1304.0, 1364.0, 1402.0
0.9056603773584906,88, 10.268336776859504, 13.546487603305785, 0.0010680526859504133, 10.326058884297522, 10.12370867768595, 9.739282024793388, 13.606017561983471, 13.64243285123967, 14.172778925619836
0.39601850516956444,25, 37.744, 59.0032, 0.0053584, 39.1056, 39.4512, 37.7248, 59.51520000000001, 59.0384, 61.808
0.3858168631654727,26, 32.82100591715976, 40.98224852071006, 0.004619822485207101, 32.649408284023664, 33.56360946745562, 33.55473372781065, 41.00443786982248, 41.748520710059175, 44.553254437869825
0.9324324324324325,33, 31.337006427915515, 38.88337924701561, 0.0037988980716253447, 31.46556473829201, 31.039485766758492, 30.446280991735538, 39.089072543618, 38.441689623507806, 40.18916437098255
0.3638457203316736,24, 41.91493055555556, 55.44097222222222, 0.005362847222222223, 41.494791666666664, 42.54861111111111, 40.859375, 55.546875, 55.52777777777778, 56.798611111111114
0.43993552669005404,27, 35.98765432098765, 47.585733882030176, 0.003559670781893004, 35.174211248285324, 37.59670781893004, 38.327846364883406, 47.945130315500684, 47.61865569272977, 51.51303155006859
0.9901960784313726,8, 128.109375, 164.953125, 0.012937499999999998, 126.15625, 128.0, 123.96875, 164.703125, 166.453125, 171.671875
0.20978831347592225,14, 77.45918367346938, 86.07653061224491, 0.009193877551020408, 77.90816326530613, 76.7295918367347, 73.86734693877551, 86.29081632653062, 85.6938775510204, 88.78061224489795
0.01825117263784198,1, 870.0, 1215.0, 0.11, 847.0, 910.0, 923.0, 1216.0, 1213.0, 1264.0
0.3169086541174173,12, 79.9375, 104.11805555555556, 0.011388888888888891, 79.06944444444444, 79.65277777777779, 77.82638888888889, 104.80555555555556, 104.4861111111111, 112.66666666666667
0.25,17, 44.806228373702425, 63.44290657439446, 0.0071695501730103806, 44.318339100346016, 45.397923875432525, 48.81660899653979, 63.33564013840831, 68.73702422145328, 69.00692041522491
0.4888888888888889,26, 35.16568047337278, 44.00295857988166, 0.004856508875739646, 34.75295857988166, 36.6612426035503, 36.05621301775148, 44.11390532544379, 44.396449704142015, 48.053254437869825
0.5232058376276886,5, 210.64000000000001, 264.2, 0.029960000000000004, 209.64000000000001, 213.8, 205.6, 263.6, 272.0, 293.64
0.24169246646026832,1, 1029.0, 1503.0, 0.091, 988.0, 1061.0, 1170.0, 1466.0, 1536.0, 1573.0
0.8189551750463518,8, 123.515625, 153.265625, 0.01496875, 121.578125, 125.65625, 124.328125, 152.1875, 157.640625, 164.984375
0.8583333333333334,6, 149.91666666666666, 204.33333333333334, 0.018805555555555558, 147.86111111111111, 154.66666666666666, 149.05555555555557, 206.63888888888889, 193.94444444444446, 199.30555555555554
0.7924477861944679,8, 122.265625, 145.71875, 0.016906249999999998, 122.15625, 119.671875, 118.03125, 147.25, 142.28125, 150.125
0.851063829787234,4, 238.0, 320.6875, 0.0305625, 239.0625, 211.5, 217.875, 320.3125, 316.5, 324.3125
0.6047008547008548,18, 52.901234567901234, 70.50308641975309, 0.006422839506172839, 53.37037037037037, 50.608024691358025, 48.81481481481481, 70.98765432098766, 70.89506172839506, 71.59876543209877
0.21055693545331977,6, 149.36111111111111, 208.44444444444446, 0.02691666666666667, 149.47222222222223, 155.52777777777777, 158.69444444444443, 209.0, 209.19444444444446, 215.0
0.09732706075762634,15, 58.315555555555555, 94.72444444444444, 0.007257777777777778, 58.217777777777776, 58.32888888888888, 57.08888888888889, 94.76444444444445, 96.07111111111111, 97.23555555555555
0.08950545727963642,5, 183.95999999999998, 254.2, 0.024480000000000005, 180.64000000000001, 193.24, 182.6, 254.28000000000003, 259.15999999999997, 264.4
0.06573290878638645,24, 37.94097222222222, 48.623263888888886, 0.004473958333333333, 38.005208333333336, 37.70486111111111, 36.70486111111111, 48.861111111111114, 49.276041666666664, 51.576388888888886
0.9768518518518519,1, 835.0, 1293.0, 0.109, 833.0, 871.0, 874.0, 1280.0, 1353.0, 1311.0
0.9,42, 24.403061224489793, 31.44501133786848, 0.0022947845804988662, 24.575396825396826, 23.81746031746032, 22.393990929705215, 31.834467120181404, 31.04931972789116, 31.2562358276644
0.2582808742897702,2, 456.0, 416.25, 0.06, 458.75, 441.75, 431.0, 417.5, 430.5, 463.25
0.08250825082508251,9, 99.5925925925926, 130.28395061728395, 0.013234567901234569, 100.24691358024691, 97.20987654320987, 93.67901234567901, 131.25925925925924, 130.98765432098764, 141.5679012345679
0.1721311475409836,6, 167.63888888888889, 201.80555555555554, 0.022194444444444447, 165.66666666666666, 170.88888888888889, 158.88888888888889, 202.5277777777778, 200.63888888888889, 203.7777777777778
0.01737228245385574,22, 44.070247933884296, 54.0206611570248, 0.005090909090909091, 44.34090909090909, 43.768595041322314, 42.853305785123965, 54.7004132231405, 53.81818181818182, 57.25
0.3975563909774436,23, 43.25141776937618, 60.459357277882795, 0.005521739130434783, 43.01890359168242, 42.36862003780718, 40.28733459357278, 59.860113421550096, 62.18336483931947, 65.20037807183365
0.018518518518518517,6, 163.66666666666666, 193.75, 0.01641666666666667, 167.02777777777777, 162.02777777777777, 147.94444444444443, 195.38888888888889, 194.16666666666666, 194.25
0.9199999999999999,2, 473.0, 535.25, 0.06, 470.75, 477.5, 482.5, 528.0, 552.0, 568.0
0.7004124065641378,4, 259.375, 299.375, 0.025562500000000002, 255.625, 250.5, 238.9375, 300.0625, 292.25, 292.3125
0.5591230662924629,7, 143.16326530612244, 202.9795918367347, 0.021612244897959185, 144.0204081632653, 139.87755102040816, 138.91836734693877, 204.6326530612245, 201.40816326530611, 207.9591836734694
0.002472799208704253,21, 45.58276643990929, 58.43764172335601, 0.005367346938775512, 45.10430839002267, 44.80498866213152, 42.14965986394558, 58.49206349206349, 58.36507936507937, 58.83673469387755
0.0847457627118644,5, 154.95999999999998, 227.56, 0.014680000000000002, 141.0, 177.35999999999999, 171.52, 222.95999999999998, 239.92, 245.56
0.9090909090909091,1, 777.0, 1177.0, 0.05, 766.0, 925.0, 1059.0, 1284.0, 1134.0, 1095.0
0.4949186991869919,2, 457.0, 597.25, 0.07775, 458.75, 429.75, 449.75, 595.5, 588.5, 580.0
0.8914565826330532,7, 136.0, 193.46938775510202, 0.015918367346938776, 135.44897959183672, 131.57142857142858, 124.67346938775509, 193.65306122448982, 196.3673469387755, 213.16326530612244
0.8333333333333333,1, 844.0, 1099.0, 0.11, 844.0, 853.0, 903.0, 1105.0, 1113.0, 1136.0
0.037286724927174365,14, 70.81122448979592, 91.86734693877551, 0.00561734693877551, 71.78571428571429, 68.71428571428571, 59.76020408163265, 92.32653061224491, 91.95408163265306, 92.93877551020408
0.5714285714285714,8, 118.75, 157.0, 0.01890625, 117.984375, 119.96875, 117.875, 156.078125, 158.890625, 160.9375
0.935483870967742,14, 67.20918367346938, 104.63775510204081, 0.006943877551020408, 67.23979591836735, 69.99489795918367, 69.35714285714286, 106.52551020408164, 101.79591836734694, 98.76020408163265
0.0054466230936819175,5, 193.07999999999998, 233.95999999999998, 0.027999999999999997, 190.32, 188.8, 176.72, 233.51999999999998, 240.16, 247.28000000000003
0.6976981351981353,6, 178.13888888888889, 231.36111111111111, 0.0195, 177.66666666666666, 176.08333333333334, 161.13888888888889, 231.58333333333334, 232.88888888888889, 242.69444444444446
0.875,12, 78.22916666666667, 103.56944444444444, 0.010770833333333334, 76.88194444444444, 78.375, 79.05555555555556, 103.8611111111111, 102.1875, 103.54166666666667
0.007246376811594203,11, 88.3305785123967, 124.54545454545455, 0.007099173553719008, 88.22314049586777, 89.01652892561982, 88.84297520661157, 124.73553719008264, 126.53719008264464, 135.88429752066116
0.41485001407712074,1, 863.0, 1164.0, 0.14, 852.0, 854.0, 759.0, 1175.0, 1187.0, 1208.0
0.06119523026890933,11, 88.48760330578513, 119.83471074380166, 0.00784297520661157, 88.32231404958678, 87.42975206611571, 79.88429752066116, 123.62809917355372, 117.91735537190083, 121.91735537190083
0.2583779621670076,1, 1079.0, 1348.0, 0.13, 1051.0, 1183.0, 1101.0, 1348.0, 1343.0, 1313.0
