0.0,4, 601.0, 1504.0, 0.0325, 601.0, 604.75, 616.75, 1504.25, 1515.75, 1510.0
1.0,1, 534.0, 1687.0, 0.04, 533.0, 536.0, 532.0, 1687.0, 1682.0, 1610.0
0.4304347826086956,18, 530.3888888888889, 1612.111111111111, 0.04261111111111112, 617.8333333333334, 519.8333333333334, 642.8333333333334, 1734.7777777777778, 1660.3333333333333, 1803.5555555555557
0.28797816531883524,74, 600.027027027027, 1818.1081081081081, 0.03337837837837838, 623.9864864864865, 617.0945945945946, 644.1351351351351, 1870.581081081081, 1860.4594594594594, 1862.1081081081081
0.989451476793249,5, 526.6, 1580.6, 0.030199999999999998, 659.0, 647.8, 638.2, 1776.8, 1747.2, 1722.2
0.20833333333333334,1, 442.0, 1379.0, 0.03, 442.0, 441.0, 445.0, 1379.0, 1356.0, 1338.0
0.4827586206896552,1, 669.0, 1891.0, 0.029, 669.0, 730.0, 779.0, 1891.0, 1931.0, 1972.0
0.11904761904761904,15, 565.0666666666667, 1660.7333333333333, 0.035, 655.8666666666667, 658.3333333333334, 673.4, 1766.8, 1769.4666666666667, 1755.2666666666667
0.26754289597142034,53, 564.7924528301887, 1524.6603773584907, 0.03643396226415096, 576.2452830188679, 577.1132075471698, 589.3018867924528, 1563.3962264150944, 1572.622641509434, 1578.9433962264152
0.5145823094171409,2, 528.0, 1647.5, 0.0305, 528.0, 512.5, 514.0, 1647.5, 1619.5, 1625.0
0.11518225545177777,1, 474.0, 1769.0, 0.04, 473.0, 480.0, 493.0, 1769.0, 1748.0, 1640.0
0.4857142857142857,1, 492.0, 1481.0, 0.029, 492.0, 510.0, 547.0, 1481.0, 1496.0, 1575.0
0.1875,2, 505.5, 1571.5, 0.035, 729.5, 804.5, 872.0, 2155.5, 2199.5, 2208.0
0.5,2, 691.5, 1459.0, 0.0295, 691.5, 683.5, 681.0, 1459.0, 1466.0, 1482.0
0.39601850516956444,1, 410.0, 1607.0, 0.05, 442.0, 384.0, 847.0, 1717.0, 1720.0, 2026.0
0.4473684210526316,4, 622.75, 1575.75, 0.03225, 622.75, 627.5, 666.25, 1578.0, 1549.75, 1525.5
0.6666666666666666,5, 526.8, 1480.6, 0.034, 554.6, 551.4, 575.0, 1599.8, 1549.2, 1574.2
0.9558498896247241,3, 568.3333333333334, 1630.0, 0.04, 550.6666666666666, 648.0, 669.6666666666666, 1608.6666666666667, 1711.6666666666667, 1689.0
0.22993864229373032,2, 505.0, 1376.0, 0.0295, 505.0, 507.0, 512.0, 1376.0, 1374.5, 1370.5
0.8685759145912924,9, 592.7777777777778, 1683.6666666666667, 0.038888888888888896, 619.0, 598.4444444444445, 699.1111111111111, 1745.4444444444443, 1716.0, 1737.3333333333333
0.16866374487131666,3, 541.3333333333334, 1586.6666666666667, 0.030333333333333334, 546.6666666666666, 559.3333333333334, 580.6666666666666, 1630.3333333333333, 1603.3333333333333, 1570.6666666666667
0.03568369968598344,1, 1068.0, 1416.0, 0.029, 1068.0, 1076.0, 1064.0, 1416.0, 1405.0, 1398.0
0.25,1, 768.0, 1678.0, 0.029, 768.0, 756.0, 744.0, 1678.0, 1683.0, 1689.0
0.4888888888888889,11, 513.6363636363636, 1570.5454545454545, 0.03436363636363637, 513.3636363636364, 522.2727272727273, 536.7272727272727, 1569.909090909091, 1549.909090909091, 1511.3636363636363
0.11457431215500621,11, 731.0, 1385.7272727272727, 0.03563636363636364, 730.0, 724.6363636363636, 724.9090909090909, 1388.4545454545455, 1364.1818181818182, 1346.5454545454545
0.5232058376276886,2, 504.5, 1894.5, 0.0305, 504.5, 506.5, 508.0, 1894.5, 1888.5, 1880.5
0.9056603773584906,7, 549.1428571428571, 1726.5714285714287, 0.03142857142857143, 549.2857142857143, 569.7142857142857, 599.1428571428571, 1726.5714285714287, 1727.142857142857, 1725.0
0.029940119760479042,2, 522.5, 1762.0, 0.035500000000000004, 522.5, 531.5, 537.0, 1760.5, 1758.0, 1687.5
0.047573739295908656,4, 841.5, 1604.75, 0.03, 841.5, 866.5, 882.5, 1604.75, 1637.0, 1657.0
0.09613819705639245,4, 718.25, 1653.25, 0.02975, 718.25, 718.5, 717.75, 1653.25, 1650.0, 1645.75
0.6047008547008548,2, 774.0, 1922.0, 0.03, 752.5, 887.5, 1003.5, 2169.0, 2233.5, 2292.5
0.0664819944598338,2, 764.5, 1913.5, 0.031, 764.5, 768.0, 785.5, 1913.5, 1897.5, 1856.5
0.9901960784313726,32, 622.6875, 1584.125, 0.045062500000000005, 621.6875, 628.71875, 634.8125, 1588.84375, 1584.625, 1582.9375
0.34014806386840046,1, 1028.0, 2244.0, 0.029, 1028.0, 1087.0, 1148.0, 2244.0, 2292.0, 2331.0
0.21055693545331977,8, 503.25, 1601.75, 0.037750000000000006, 532.5, 539.5, 730.625, 1722.25, 1772.0, 1976.0
0.09732706075762634,13, 750.5384615384615, 1988.4615384615386, 0.03153846153846154, 739.3076923076923, 766.4615384615385, 809.8461538461538, 1998.7692307692307, 2000.8461538461538, 2007.923076923077
0.3975563909774436,8, 523.875, 1767.5, 0.044, 514.875, 534.625, 524.125, 1762.125, 1742.375, 1657.25
0.9886561954624782,1, 422.0, 1641.0, 0.05, 425.0, 409.0, 401.0, 1640.0, 1657.0, 1638.0
0.08950545727963642,10, 732.3, 1611.0, 0.031000000000000007, 736.0, 728.9, 747.2, 1620.9, 1601.6, 1589.4
0.9,6, 511.3333333333333, 1746.5, 0.030166666666666665, 511.3333333333333, 515.1666666666666, 523.3333333333334, 1746.6666666666667, 1715.1666666666667, 1687.3333333333333
0.14556962025316456,1, 521.0, 1974.0, 0.03, 521.0, 506.0, 505.0, 1974.0, 1990.0, 2000.0
0.06573290878638645,1, 733.0, 1428.0, 0.031, 733.0, 726.0, 739.0, 1428.0, 1452.0, 1468.0
0.9985696771557009,2, 475.0, 1653.5, 0.03, 475.0, 467.0, 461.0, 1653.5, 1633.5, 1611.5
0.9768518518518519,2, 948.5, 1619.5, 0.0295, 948.5, 943.5, 941.5, 1619.5, 1620.5, 1613.0
0.9324324324324325,9, 486.6666666666667, 1849.2222222222222, 0.031222222222222224, 614.5555555555555, 617.7777777777778, 631.5555555555555, 1986.111111111111, 1982.5555555555557, 1987.888888888889
0.853299856527977,7, 499.0, 1798.0, 0.03842857142857143, 497.0, 511.2857142857143, 541.4285714285714, 1791.7142857142858, 1818.857142857143, 1832.857142857143
0.09401709401709402,3, 767.3333333333334, 1411.6666666666667, 0.03, 767.3333333333334, 796.3333333333334, 831.3333333333334, 1411.6666666666667, 1426.3333333333333, 1432.3333333333333
0.018518518518518517,3, 666.0, 1733.6666666666667, 0.03, 666.0, 677.0, 686.0, 1733.3333333333333, 1738.3333333333333, 1742.6666666666667
0.7004124065641378,6, 785.6666666666666, 1518.1666666666667, 0.03316666666666667, 780.1666666666666, 805.1666666666666, 857.5, 1519.3333333333333, 1547.6666666666667, 1576.3333333333333
0.5555555555555556,1, 842.0, 1656.0, 0.031, 842.0, 857.0, 869.0, 1656.0, 1637.0, 1644.0
0.7252567693744165,3, 574.0, 1699.3333333333333, 0.03366666666666667, 576.3333333333334, 566.6666666666666, 562.0, 1699.6666666666667, 1715.6666666666667, 1719.3333333333333
0.0847457627118644,2, 528.5, 1793.0, 0.035500000000000004, 531.0, 524.0, 587.0, 1869.5, 1865.5, 1887.0
0.4949186991869919,3, 518.3333333333334, 1709.6666666666667, 0.036666666666666674, 518.6666666666666, 512.0, 514.6666666666666, 1709.6666666666667, 1702.3333333333333, 1671.6666666666667
0.30319148936170215,1, 752.0, 1335.0, 0.029, 752.0, 744.0, 781.0, 1335.0, 1338.0, 1340.0
0.037286724927174365,1, 490.0, 1598.0, 0.03, 490.0, 481.0, 472.0, 1598.0, 1567.0, 1527.0
0.875,3, 609.0, 1572.6666666666667, 0.037333333333333336, 611.6666666666666, 616.6666666666666, 660.6666666666666, 1568.0, 1589.6666666666667, 1548.3333333333333
0.6,1, 531.0, 1830.0, 0.04, 508.0, 517.0, 920.0, 2190.0, 2246.0, 2611.0
0.3638457203316736,10, 510.2, 1718.0, 0.0381, 510.1, 505.3, 503.0, 1714.9, 1707.7, 1685.5
