0.0,3, 578.6666666666666, 1700.3333333333333, 0.03333333333333333, 578.6666666666666, 566.0, 547.6666666666666, 1700.3333333333333, 1652.3333333333333, 1603.3333333333333
0.02082912411450186,1, 553.0, 1781.0, 0.031, 553.0, 551.0, 551.0, 1781.0, 1756.0, 1744.0
0.43643745749829993,2, 643.0, 1788.5, 0.0305, 643.0, 645.5, 639.5, 1788.5, 1778.0, 1764.5
0.7746112594346588,1, 689.0, 2019.0, 0.03, 689.0, 695.0, 697.0, 2019.0, 1990.0, 1969.0
0.9056603773584906,9, 696.5555555555555, 1703.4444444444443, 0.030888888888888893, 696.3333333333334, 695.1111111111111, 692.3333333333334, 1704.7777777777778, 1674.2222222222222, 1645.888888888889
0.26754289597142034,4, 604.0, 1613.25, 0.03225, 604.0, 596.0, 584.5, 1613.5, 1585.5, 1544.75
0.037286724927174365,1, 636.0, 1474.0, 0.03, 636.0, 609.0, 581.0, 1474.0, 1453.0, 1439.0
1.0,1, 565.0, 2490.0, 0.031, 565.0, 569.0, 569.0, 2490.0, 2431.0, 2345.0
0.047573739295908656,1, 668.0, 1928.0, 0.03, 668.0, 663.0, 647.0, 1928.0, 1897.0, 1868.0
0.4304347826086956,2, 649.0, 1976.5, 0.035500000000000004, 648.5, 656.0, 652.0, 1985.0, 1910.5, 1832.5
0.11457431215500621,5, 666.2, 1698.6, 0.0304, 666.2, 673.2, 672.6, 1698.8, 1666.8, 1616.6
0.5232058376276886,11, 675.8181818181819, 1917.4545454545455, 0.0310909090909091, 676.0, 675.5454545454545, 668.4545454545455, 1918.090909090909, 1892.3636363636363, 1866.090909090909
0.8189551750463518,3, 617.0, 1862.3333333333333, 0.03333333333333333, 616.0, 621.0, 602.6666666666666, 1868.6666666666667, 1804.6666666666667, 1742.3333333333333
0.0461236316271587,1, 554.0, 1862.0, 0.039, 554.0, 553.0, 540.0, 1872.0, 1815.0, 1796.0
0.9768518518518519,1, 717.0, 2080.0, 0.04, 715.0, 726.0, 702.0, 2091.0, 2004.0, 1906.0
0.989451476793249,2, 641.0, 1818.0, 0.055499999999999994, 633.5, 645.5, 631.5, 1826.5, 1768.0, 1574.0
0.9199999999999999,1, 607.0, 1703.0, 0.03, 607.0, 597.0, 578.0, 1703.0, 1671.0, 1621.0
0.8914565826330532,1, 837.0, 1868.0, 0.03, 837.0, 837.0, 827.0, 1868.0, 1850.0, 1832.0
0.9901960784313726,1, 630.0, 1734.0, 0.06, 587.0, 718.0, 761.0, 1728.0, 1673.0, 1412.0
0.0054466230936819175,1, 786.0, 1846.0, 0.03, 786.0, 793.0, 799.0, 1846.0, 1825.0, 1807.0
0.875,3, 597.3333333333334, 1834.3333333333333, 0.043333333333333335, 592.6666666666666, 608.6666666666666, 600.3333333333334, 1846.0, 1784.0, 1666.3333333333333
0.28797816531883524,3, 690.3333333333334, 1835.3333333333333, 0.04, 690.6666666666666, 715.3333333333334, 707.6666666666666, 1919.0, 1822.6666666666667, 1719.3333333333333
0.03986826139712255,1, 644.0, 1840.0, 0.03, 644.0, 639.0, 627.0, 1840.0, 1808.0, 1790.0
0.06119523026890933,1, 577.0, 1836.0, 0.03, 577.0, 562.0, 551.0, 1836.0, 1817.0, 1798.0
0.051490514905149054,1, 561.0, 2024.0, 0.051, 552.0, 594.0, 613.0, 2068.0, 1964.0, 1848.0
