0.0,3, 211.44444444444446, 556.3333333333334, 0.014555555555555556, 212.55555555555554, 206.0, 204.44444444444446, 554.7777777777777, 557.3333333333334, 543.4444444444445
0.02082912411450186,1, 559.0, 2369.0, 0.041, 559.0, 554.0, 537.0, 2325.0, 2580.0, 2518.0
0.43643745749829993,2, 339.5, 838.25, 0.015, 339.5, 331.75, 329.75, 838.25, 852.0, 860.75
0.7746112594346588,1, 624.0, 1811.0, 0.03, 624.0, 602.0, 580.0, 1811.0, 1811.0, 1795.0
0.9056603773584906,9, 70.25925925925927, 193.41975308641975, 0.0034938271604938276, 70.25925925925927, 69.50617283950618, 68.27160493827161, 193.20987654320987, 193.60493827160494, 189.80246913580245
0.26754289597142034,4, 148.0, 395.5625, 0.0086875, 148.25, 143.6875, 135.25, 394.625, 398.625, 397.0
0.037286724927174365,1, 626.0, 1432.0, 0.029, 626.0, 614.0, 603.0, 1432.0, 1428.0, 1419.0
1.0,1, 602.0, 2159.0, 0.03, 602.0, 592.0, 586.0, 2159.0, 2162.0, 2143.0
0.047573739295908656,1, 666.0, 1761.0, 0.03, 666.0, 707.0, 748.0, 1761.0, 1796.0, 1823.0
0.4304347826086956,2, 361.75, 878.25, 0.02, 365.0, 343.75, 333.25, 874.5, 899.25, 922.75
0.11457431215500621,5, 137.92000000000002, 358.24, 0.0092, 141.0, 129.92000000000002, 121.16, 351.6, 375.52, 394.32
0.5232058376276886,11, 59.14049586776859, 169.28099173553719, 0.0034710743801652896, 59.48760330578512, 58.247933884297524, 59.96694214876033, 168.3305785123967, 172.97520661157026, 170.4214876033058
0.8189551750463518,3, 207.55555555555554, 478.5555555555556, 0.01322222222222222, 210.55555555555554, 200.7777777777778, 204.33333333333334, 474.6666666666667, 484.8888888888889, 485.4444444444444
0.0461236316271587,1, 673.0, 1498.0, 0.04, 679.0, 641.0, 692.0, 1496.0, 1503.0, 1476.0
0.9768518518518519,1, 594.0, 1824.0, 0.031, 594.0, 584.0, 582.0, 1824.0, 1815.0, 1782.0
0.989451476793249,2, 326.75, 1022.75, 0.02475, 327.5, 322.0, 305.5, 1023.25, 1045.25, 1057.5
0.9199999999999999,1, 573.0, 1603.0, 0.031, 573.0, 565.0, 552.0, 1603.0, 1585.0, 1551.0
0.8914565826330532,1, 595.0, 2275.0, 0.05, 616.0, 584.0, 576.0, 2217.0, 2339.0, 2108.0
0.9901960784313726,1, 709.0, 1783.0, 0.03, 709.0, 691.0, 671.0, 1783.0, 1809.0, 1812.0
0.0054466230936819175,1, 629.0, 1947.0, 0.04, 634.0, 602.0, 598.0, 1943.0, 1924.0, 1748.0
0.875,3, 211.55555555555554, 633.0, 0.013333333333333334, 212.0, 217.33333333333334, 226.11111111111111, 631.4444444444445, 636.7777777777777, 611.7777777777777
0.28797816531883524,3, 203.0, 705.5555555555555, 0.012222222222222223, 203.88888888888889, 203.44444444444446, 204.7777777777778, 699.3333333333334, 721.2222222222222, 737.0
0.03986826139712255,1, 649.0, 1897.0, 0.03, 649.0, 636.0, 618.0, 1897.0, 1889.0, 1851.0
0.06119523026890933,1, 571.0, 1768.0, 0.04, 566.0, 600.0, 564.0, 1756.0, 1834.0, 1820.0
0.051490514905149054,1, 585.0, 1858.0, 0.04, 587.0, 564.0, 534.0, 1848.0, 1939.0, 2044.0
