0.0,1, 733.0, 1322.0, 0.031, 733.0, 732.0, 739.0, 1322.0, 1335.0, 1343.0
0.26754289597142034,69, 624.3913043478261, 1042.9855072463768, 0.031405797101449265, 624.463768115942, 624.9565217391304, 625.3188405797101, 1043.6811594202898, 1030.1304347826087, 1019.6811594202899
1.0,2, 738.5, 1356.0, 0.0305, 738.5, 733.5, 726.5, 1356.0, 1354.5, 1378.0
0.02082912411450186,1, 600.0, 1293.0, 0.03, 600.0, 628.0, 663.0, 1293.0, 1180.0, 1063.0
0.43643745749829993,1, 639.0, 1710.0, 0.03, 639.0, 630.0, 624.0, 1710.0, 1719.0, 1738.0
0.28797816531883524,53, 637.9811320754717, 1206.377358490566, 0.03945283018867925, 657.566037735849, 667.4150943396227, 676.4716981132076, 1257.8301886792453, 1228.8867924528302, 1225.7358490566037
0.07261164901661495,4, 674.5, 1407.25, 0.0375, 676.25, 668.25, 662.0, 1408.25, 1409.5, 1411.25
0.3333333333333333,2, 614.5, 1236.0, 0.0405, 610.5, 652.0, 684.5, 1240.5, 1237.5, 1285.5
0.20833333333333334,10, 680.8, 1051.9, 0.030100000000000005, 680.8, 678.5, 676.0, 1051.9, 1044.1, 1036.8
0.4827586206896552,3, 681.3333333333334, 1195.0, 0.03366666666666667, 680.0, 693.0, 696.6666666666666, 1201.0, 1156.0, 1108.6666666666667
0.11904761904761904,4, 780.25, 1065.0, 0.03725, 771.0, 775.5, 749.75, 1021.0, 1035.75, 1027.0
0.23226773226773229,5, 574.6, 1424.8, 0.03, 574.6, 576.6, 578.6, 1424.8, 1413.2, 1404.2
0.5145823094171409,1, 800.0, 1331.0, 0.029, 800.0, 807.0, 811.0, 1331.0, 1392.0, 1468.0
0.4857142857142857,2, 677.5, 911.5, 0.035, 677.5, 677.0, 673.5, 918.0, 876.5, 868.5
0.8685759145912924,5, 699.0, 1235.2, 0.03, 699.0, 691.6, 686.0, 1235.2, 1298.6, 1348.8
0.5,2, 686.0, 991.5, 0.03, 686.0, 680.5, 678.0, 991.5, 982.0, 972.5
-0.0032147828574918907,4, 664.75, 1192.25, 0.050249999999999996, 659.25, 660.75, 636.5, 1182.0, 1172.25, 1163.5
0.39601850516956444,3, 737.3333333333334, 1222.6666666666667, 0.030666666666666665, 737.0, 730.3333333333334, 720.3333333333334, 1222.3333333333333, 1215.0, 1205.3333333333333
0.4473684210526316,12, 685.4166666666666, 1079.4166666666667, 0.03033333333333334, 685.4166666666666, 684.8333333333334, 683.5, 1079.5, 1098.75, 1129.0833333333333
0.9324324324324325,4, 627.25, 933.25, 0.0305, 627.25, 628.75, 629.5, 933.0, 944.75, 963.75
0.6666666666666666,5, 684.2, 990.0, 0.032, 684.0, 686.4, 685.6, 991.2, 974.2, 958.4
0.037286724927174365,4, 670.0, 1121.0, 0.03275, 670.75, 669.5, 672.25, 1124.5, 1091.5, 1070.0
0.9558498896247241,1, 587.0, 955.0, 0.03, 587.0, 592.0, 598.0, 955.0, 939.0, 923.0
0.9901960784313726,16, 646.0, 1196.125, 0.048625000000000015, 651.0625, 633.0, 645.25, 1201.75, 1135.0625, 1137.6875
0.989451476793249,7, 607.2857142857143, 1079.142857142857, 0.033999999999999996, 607.0, 609.4285714285714, 611.0, 1080.857142857143, 1071.4285714285713, 1065.7142857142858
0.3638457203316736,10, 642.0, 1047.3, 0.03150000000000001, 640.9, 642.7, 642.2, 1048.8, 1047.6, 1042.8
0.9056603773584906,17, 647.6470588235294, 1006.0, 0.03405882352941177, 647.8235294117648, 647.0588235294117, 648.2941176470588, 1012.0588235294117, 994.5882352941177, 988.2941176470588
0.9,5, 614.2, 1210.2, 0.04, 609.2, 615.2, 614.4, 1227.6, 1167.2, 1116.2
0.9199999999999999,6, 731.3333333333334, 1045.0, 0.03, 731.5, 728.5, 729.1666666666666, 1045.0, 1039.0, 1024.0
0.16866374487131666,2, 608.5, 1045.5, 0.0295, 608.5, 606.5, 605.5, 1045.5, 1029.0, 1012.5
0.047573739295908656,7, 700.8571428571429, 1259.2857142857142, 0.029857142857142856, 700.8571428571429, 705.7142857142857, 710.4285714285714, 1259.142857142857, 1270.0, 1279.142857142857
0.4304347826086956,6, 667.3333333333334, 1249.8333333333333, 0.037, 664.1666666666666, 677.3333333333334, 685.5, 1232.6666666666667, 1301.5, 1295.3333333333333
0.5714285714285714,1, 672.0, 1407.0, 0.029, 672.0, 670.0, 667.0, 1407.0, 1382.0, 1358.0
0.3169086541174173,19, 732.2631578947369, 1143.578947368421, 0.030684210526315803, 732.421052631579, 733.0526315789474, 733.1052631578947, 1144.1052631578948, 1133.2631578947369, 1118.157894736842
0.25,17, 671.9411764705883, 1177.2941176470588, 0.02994117647058825, 671.9411764705883, 676.1176470588235, 680.5294117647059, 1177.2941176470588, 1190.0, 1208.764705882353
0.4888888888888889,8, 658.625, 1152.0, 0.029875, 658.75, 656.625, 655.875, 1152.0, 1133.125, 1116.25
0.5232058376276886,11, 718.4545454545455, 1116.5454545454545, 0.029909090909090916, 718.4545454545455, 714.4545454545455, 710.2727272727273, 1116.5454545454545, 1124.7272727272727, 1133.7272727272727
0.24169246646026832,4, 679.25, 1081.5, 0.03075, 679.25, 672.25, 665.25, 1081.5, 1071.75, 1069.25
0.8583333333333334,6, 693.5, 1289.0, 0.03, 693.6666666666666, 696.5, 699.1666666666666, 1288.8333333333333, 1316.8333333333333, 1349.5
0.7924477861944679,2, 697.5, 1714.0, 0.0305, 697.5, 678.0, 662.0, 1714.5, 1699.5, 1684.0
0.029940119760479042,11, 716.1818181818181, 1274.090909090909, 0.030181818181818188, 716.1818181818181, 715.4545454545455, 715.9090909090909, 1274.1818181818182, 1350.2727272727273, 1426.8181818181818
0.851063829787234,2, 580.5, 1575.5, 0.0305, 580.5, 583.0, 590.0, 1575.5, 1569.0, 1563.0
0.09613819705639245,2, 729.0, 1099.5, 0.03, 729.0, 728.0, 726.5, 1099.5, 1109.5, 1154.5
0.6047008547008548,3, 670.0, 1327.3333333333333, 0.03, 670.0, 668.0, 665.3333333333334, 1327.3333333333333, 1335.6666666666667, 1339.3333333333333
0.0664819944598338,7, 747.1428571428571, 1172.7142857142858, 0.03014285714285714, 747.0, 751.1428571428571, 759.8571428571429, 1172.7142857142858, 1156.4285714285713, 1137.0
0.8166666666666667,7, 670.1428571428571, 1521.7142857142858, 0.03, 670.1428571428571, 667.2857142857143, 663.5714285714286, 1521.7142857142858, 1525.2857142857142, 1545.857142857143
0.3975563909774436,5, 622.0, 1166.8, 0.03, 622.0, 619.0, 615.6, 1166.8, 1163.2, 1172.8
0.9886561954624782,1, 618.0, 1698.0, 0.03, 618.0, 615.0, 613.0, 1698.0, 1701.0, 1679.0
0.08950545727963642,1, 703.0, 913.0, 0.029, 703.0, 702.0, 698.0, 913.0, 913.0, 915.0
0.14556962025316456,8, 674.75, 1283.0, 0.03, 674.625, 676.0, 672.625, 1283.0, 1284.375, 1293.125
0.06573290878638645,1, 746.0, 1024.0, 0.03, 746.0, 722.0, 732.0, 1024.0, 895.0, 781.0
0.03540179922937689,4, 659.5, 1249.0, 0.03025, 659.5, 661.75, 664.0, 1249.0, 1257.0, 1260.0
0.08250825082508251,8, 765.375, 1375.875, 0.037375000000000005, 763.0, 769.25, 794.625, 1354.875, 1424.75, 1482.375
0.853299856527977,3, 671.3333333333334, 1115.6666666666667, 0.033, 680.0, 675.3333333333334, 687.6666666666666, 1117.6666666666667, 1242.3333333333333, 1253.0
0.1721311475409836,3, 716.3333333333334, 1273.3333333333333, 0.03333333333333333, 715.6666666666666, 728.0, 739.0, 1274.0, 1262.3333333333333, 1248.6666666666667
0.01737228245385574,8, 731.5, 1629.875, 0.030125, 731.5, 731.125, 730.5, 1629.875, 1622.375, 1611.5
0.09401709401709402,1, 714.0, 1014.0, 0.029, 714.0, 722.0, 729.0, 1014.0, 1001.0, 995.0
0.018518518518518517,3, 600.3333333333334, 1663.0, 0.033, 599.6666666666666, 610.3333333333334, 619.6666666666666, 1665.6666666666667, 1619.3333333333333, 1544.0
0.7252567693744165,3, 691.0, 868.0, 0.03, 691.3333333333334, 690.0, 688.0, 868.0, 864.6666666666666, 860.0
0.5591230662924629,1, 705.0, 1016.0, 0.03, 705.0, 707.0, 707.0, 1016.0, 1014.0, 1009.0
0.003323262839879154,1, 712.0, 1617.0, 0.03, 712.0, 710.0, 711.0, 1617.0, 1613.0, 1605.0
0.002472799208704253,4, 620.0, 1251.5, 0.035, 620.5, 618.25, 617.25, 1254.5, 1239.5, 1240.0
0.0847457627118644,49, 640.8775510204082, 1061.6938775510205, 0.030285714285714294, 640.8775510204082, 641.734693877551, 642.3673469387755, 1061.6938775510205, 1068.795918367347, 1079.408163265306
0.9090909090909091,15, 664.5333333333333, 1281.2666666666667, 0.037200000000000004, 664.5333333333333, 661.6, 655.5333333333333, 1278.1333333333334, 1289.5333333333333, 1281.8
0.30319148936170215,2, 642.0, 1173.0, 0.03, 642.0, 646.5, 652.0, 1173.0, 1152.5, 1135.5
0.5286233530213539,7, 736.7142857142857, 1058.7142857142858, 0.03142857142857143, 736.7142857142857, 734.1428571428571, 733.8571428571429, 1060.7142857142858, 1043.4285714285713, 1030.142857142857
0.0054466230936819175,1, 694.0, 1262.0, 0.03, 694.0, 707.0, 725.0, 1262.0, 1244.0, 1221.0
0.6976981351981353,2, 690.5, 1093.5, 0.03, 690.5, 691.0, 691.5, 1093.5, 1091.0, 1089.5
0.3858168631654727,16, 609.5, 1450.875, 0.03387500000000001, 606.25, 607.6875, 606.5625, 1456.9375, 1441.3125, 1437.5625
0.6,1, 671.0, 994.0, 0.03, 671.0, 670.0, 667.0, 994.0, 985.0, 971.0
0.41485001407712074,1, 578.0, 1283.0, 0.03, 578.0, 579.0, 580.0, 1283.0, 1309.0, 1325.0
0.45454545454545453,1, 614.0, 867.0, 0.04, 612.0, 631.0, 649.0, 867.0, 873.0, 884.0
0.06119523026890933,3, 701.6666666666666, 1150.3333333333333, 0.029666666666666664, 701.6666666666666, 700.3333333333334, 700.0, 1150.3333333333333, 1141.6666666666667, 1128.3333333333333
0.2583779621670076,1, 679.0, 1278.0, 0.03, 679.0, 670.0, 661.0, 1278.0, 1224.0, 1178.0
