0.0,16, 42.3125, 90.109375, 0.00508984375, 42.2890625, 41.80859375, 41.5078125, 90.41015625, 90.41015625, 92.23046875
0.26754289597142034,3, 208.7777777777778, 500.22222222222223, 0.057888888888888886, 213.0, 200.55555555555554, 200.66666666666666, 501.1111111111111, 475.22222222222223, 473.22222222222223
1.0,6, 103.94444444444444, 252.94444444444446, 0.009166666666666667, 103.52777777777777, 103.97222222222223, 100.83333333333333, 253.11111111111111, 256.11111111111114, 252.66666666666666
0.43643745749829993,47, 16.06020823902218, 32.36803983703033, 0.0021444092349479403, 16.08284291534631, 16.15663196016297, 16.35219556360344, 32.493435943866004, 32.647804436396555, 32.88094160253508
0.4304347826086956,12, 54.770833333333336, 136.43055555555557, 0.008069444444444445, 54.93055555555555, 55.451388888888886, 54.826388888888886, 136.81944444444443, 134.9375, 137.59027777777777
0.07261164901661495,4, 196.875, 374.8125, 0.0138125, 203.25, 188.125, 185.125, 380.5, 384.0, 381.9375
0.3333333333333333,21, 31.53968253968254, 71.91609977324262, 0.0024240362811791386, 31.682539682539684, 30.96825396825397, 29.882086167800452, 72.12698412698413, 71.65532879818595, 70.41269841269842
0.9056603773584906,59, 11.633151393277792, 25.619362252226374, 0.0012993392703246189, 11.702384372306808, 11.605285837403045, 12.152542372881356, 25.729100833093938, 25.519103705831657, 25.491525423728813
0.989451476793249,142, 4.529359254116247, 10.252082920055544, 0.0006987204919658799, 4.59616147589764, 4.525292600674469, 4.675957151358857, 10.463251339020035, 10.372594723269192, 10.577960722078952
0.320503682584937,15, 47.14666666666667, 94.03555555555555, 0.006573333333333334, 47.89333333333333, 45.080000000000005, 45.04888888888889, 93.54666666666667, 95.73333333333333, 95.03999999999999
0.16129032258064516,3, 216.2222222222222, 477.22222222222223, 0.011222222222222224, 216.44444444444446, 214.0, 212.0, 477.22222222222223, 473.22222222222223, 469.0
0.20833333333333334,6, 123.3611111111111, 254.05555555555554, 0.016944444444444446, 124.44444444444444, 129.38888888888889, 152.08333333333334, 254.25, 261.25, 274.8333333333333
0.4827586206896552,3, 186.0, 540.7777777777777, 0.030888888888888893, 187.66666666666666, 180.2222222222222, 228.88888888888889, 542.2222222222223, 550.2222222222223, 624.7777777777777
0.11904761904761904,1, 669.0, 1328.0, 0.081, 704.0, 622.0, 796.0, 1354.0, 1353.0, 1661.0
0.23226773226773229,48, 13.029947916666666, 31.883680555555557, 0.0019006076388888883, 13.106770833333334, 13.183159722222221, 13.055989583333334, 32.001302083333336, 32.38324652777778, 31.934895833333332
0.11518225545177777,2, 318.25, 654.0, 0.047, 321.5, 312.0, 304.75, 661.25, 642.5, 625.0
0.4857142857142857,1, 758.0, 1497.0, 0.091, 755.0, 881.0, 1000.0, 1508.0, 1543.0, 1630.0
0.8685759145912924,17, 38.52595155709343, 86.70242214532873, 0.006391003460207613, 39.20415224913495, 37.98615916955017, 40.25259515570934, 86.55709342560554, 88.41868512110726, 92.44982698961938
0.5,13, 54.02366863905325, 115.34911242603549, 0.006437869822485208, 54.934911242603555, 54.92307692307692, 55.76923076923077, 116.7810650887574, 116.97633136094674, 121.68047337278107
-0.0032147828574918907,3, 249.11111111111111, 535.3333333333334, 0.030000000000000002, 249.66666666666666, 239.11111111111111, 213.7777777777778, 535.1111111111111, 538.8888888888889, 548.1111111111111
0.9324324324324325,16, 45.58984375, 93.12109375, 0.006792968750000001, 46.0625, 43.5625, 44.23828125, 93.19140625, 93.2734375, 92.3984375
0.6666666666666666,19, 34.983379501385045, 73.21883656509695, 0.004240997229916897, 34.63157894736842, 36.37396121883656, 37.662049861495845, 73.47922437673131, 72.60941828254848, 73.13850415512465
0.037286724927174365,10, 80.52000000000001, 140.87, 0.00841, 81.17999999999999, 79.55, 77.85, 140.84, 141.05, 142.01
0.9558498896247241,1, 614.0, 1609.0, 0.1, 626.0, 565.0, 614.0, 1605.0, 1616.0, 1699.0
0.22993864229373032,18, 38.77469135802469, 82.02160493827161, 0.004163580246913581, 39.23456790123456, 37.59567901234568, 37.03395061728395, 82.34567901234567, 82.85493827160494, 83.66666666666667
0.9901960784313726,1, 757.0, 1409.0, 0.081, 762.0, 735.0, 669.0, 1428.0, 1390.0, 1389.0
0.43993552669005404,2, 361.25, 792.75, 0.0275, 364.0, 357.5, 342.75, 787.5, 801.0, 792.5
0.20978831347592225,66, 10.410009182736454, 22.953397612488523, 0.0015640495867768592, 10.570018365472912, 10.362947658402204, 11.276170798898072, 23.058080808080806, 22.850780532598716, 23.19283746556474
0.9985696771557009,55, 12.88892561983471, 27.329256198347107, 0.0013583471074380161, 12.997355371900827, 13.062479338842975, 13.251570247933884, 27.39900826446281, 27.73619834710744, 27.974214876033056
0.01825117263784198,1, 684.0, 1629.0, 0.069, 709.0, 657.0, 756.0, 1595.0, 1641.0, 1558.0
0.03568369968598344,2, 361.25, 751.5, 0.03275, 337.5, 417.25, 388.0, 758.0, 786.5, 822.75
0.28797816531883524,2, 326.75, 755.25, 0.02, 326.0, 328.0, 329.25, 753.5, 765.0, 772.0
0.047573739295908656,15, 46.715555555555554, 94.64888888888889, 0.008244444444444445, 47.12, 46.977777777777774, 46.6, 95.35111111111111, 94.83555555555556, 94.73777777777778
0.5714285714285714,24, 28.776041666666668, 64.12673611111111, 0.006255208333333332, 28.95486111111111, 28.258680555555557, 27.838541666666668, 64.03645833333333, 65.23784722222221, 66.16493055555556
0.3169086541174173,3, 227.11111111111111, 498.5555555555556, 0.012333333333333335, 227.66666666666666, 225.55555555555554, 223.33333333333334, 498.4444444444444, 502.22222222222223, 503.0
0.4699356283782079,5, 152.6, 282.4, 0.01488, 152.72, 151.52, 153.68, 281.44, 282.0, 285.71999999999997
0.25,4, 189.9375, 334.1875, 0.02375, 193.125, 187.8125, 228.375, 331.25, 330.75, 373.4375
0.4888888888888889,34, 18.583910034602077, 46.17387543252595, 0.002326989619377162, 18.88148788927336, 17.22750865051903, 17.8719723183391, 45.98010380622837, 46.63321799307958, 45.92041522491349
0.11457431215500621,20, 33.3975, 78.4, 0.0042475, 34.1275, 32.995, 33.510000000000005, 79.39500000000001, 78.97, 81.8075
0.5232058376276886,33, 19.45270890725436, 44.35261707988981, 0.004410468319559229, 19.513314967860424, 19.33149678604224, 18.994490358126722, 44.50321395775941, 44.650137741046834, 45.10376492194674
0.24169246646026832,2, 353.5, 722.75, 0.0375, 356.0, 343.25, 303.75, 722.75, 734.75, 730.25
0.004,9, 75.44444444444444, 158.64197530864197, 0.004691358024691359, 75.1358024691358, 76.45679012345678, 77.46913580246913, 163.46913580246914, 163.85185185185185, 164.64197530864197
0.8189551750463518,1, 674.0, 1635.0, 0.07, 681.0, 672.0, 631.0, 1602.0, 1674.0, 1815.0
0.8583333333333334,27, 25.887517146776403, 54.26474622770919, 0.0023086419753086426, 25.931412894375857, 25.602194787379972, 26.910836762688614, 54.447187928669415, 53.89849108367627, 54.45130315500686
0.7924477861944679,8, 80.515625, 183.34375, 0.015640625000000002, 81.890625, 77.859375, 74.578125, 183.96875, 185.546875, 184.796875
0.029940119760479042,3, 220.88888888888889, 435.1111111111111, 0.01, 232.44444444444446, 234.66666666666666, 241.88888888888889, 441.5555555555556, 447.5555555555556, 452.6666666666667
0.851063829787234,1, 674.0, 1550.0, 0.04, 677.0, 653.0, 626.0, 1546.0, 1567.0, 1566.0
0.03540179922937689,55, 11.749752066115702, 24.370247933884297, 0.0015613223140495869, 11.837355371900825, 11.497851239669421, 11.630413223140495, 24.396033057851238, 24.468099173553718, 24.741487603305785
0.0461236316271587,3, 255.11111111111111, 505.8888888888889, 0.02, 253.11111111111111, 256.11111111111114, 248.2222222222222, 507.1111111111111, 488.1111111111111, 492.22222222222223
0.6047008547008548,3, 216.33333333333334, 540.7777777777777, 0.03877777777777778, 215.66666666666666, 217.88888888888889, 255.44444444444446, 541.7777777777777, 513.0, 548.7777777777777
0.0664819944598338,8, 93.265625, 209.765625, 0.010765625, 98.828125, 84.53125, 83.703125, 213.015625, 200.265625, 194.90625
0.9,90, 7.8765432098765435, 15.53641975308642, 0.0010667901234567901, 7.954814814814815, 7.787530864197531, 7.796913580246913, 15.664197530864199, 15.520370370370369, 15.897407407407407
0.16366612111292964,13, 49.81065088757396, 125.16568047337279, 0.008585798816568048, 49.83431952662722, 49.57988165680474, 50.10059171597633, 125.88757396449704, 123.34911242603549, 123.0828402366864
0.34014806386840046,13, 52.37278106508875, 124.88165680473374, 0.007011834319526627, 52.84023668639053, 52.15384615384615, 54.573964497041416, 124.44378698224851, 125.2544378698225, 129.88757396449702
0.21055693545331977,13, 52.33136094674556, 109.67455621301775, 0.0063491124260355025, 52.08875739644971, 50.082840236686394, 54.674556213017745, 110.21301775147928, 108.75147928994082, 111.75147928994082
0.09732706075762634,21, 31.537414965986397, 70.07936507936509, 0.004401360544217687, 31.839002267573694, 31.04308390022676, 31.219954648526077, 70.51927437641723, 68.86621315192744, 69.3469387755102
0.8166666666666667,24, 29.302083333333332, 60.48784722222222, 0.003513888888888888, 29.430555555555557, 29.40625, 30.74826388888889, 60.454861111111114, 60.22743055555555, 61.807291666666664
0.39601850516956444,1, 675.0, 1610.0, 0.18, 677.0, 643.0, 656.0, 1636.0, 1575.0, 1706.0
0.3975563909774436,14, 45.816326530612244, 103.08163265306122, 0.012183673469387757, 45.75, 47.316326530612244, 46.15816326530612, 103.05102040816327, 104.66836734693878, 106.25
0.9886561954624782,7, 95.89795918367348, 219.16326530612244, 0.009551020408163266, 96.87755102040816, 92.34693877551021, 92.6938775510204, 221.10204081632654, 217.57142857142858, 214.26530612244898
0.08950545727963642,72, 9.179398148148147, 21.45775462962963, 0.0009479166666666669, 9.230324074074074, 9.13425925925926, 9.193479938271604, 21.498649691358025, 21.362654320987655, 21.336805555555557
0.14556962025316456,57, 11.191751308094798, 23.43736534318252, 0.0022699292089873803, 11.202523853493384, 11.050169282856263, 11.080640196983687, 23.475530932594644, 23.34533702677747, 24.1425053862727
0.9768518518518519,2, 320.25, 717.0, 0.07725, 324.75, 310.0, 316.0, 715.5, 777.25, 835.75
0.2582808742897702,2, 401.5, 715.75, 0.01725, 401.0, 393.5, 389.75, 715.75, 706.25, 691.25
0.08250825082508251,36, 20.976080246913583, 40.448302469135804, 0.001921296296296296, 21.10570987654321, 21.020833333333332, 20.726080246913583, 40.519290123456784, 40.53395061728395, 40.52237654320988
0.853299856527977,22, 31.458677685950416, 69.71487603305785, 0.0025247933884297528, 31.196280991735538, 31.75413223140496, 32.29338842975207, 70.0495867768595, 68.93181818181819, 68.0909090909091
0.0662940654052643,5, 119.75999999999999, 277.24, 0.01076, 120.16, 120.44000000000001, 118.92, 278.52, 275.64, 276.15999999999997
0.09401709401709402,7, 89.6938775510204, 217.26530612244898, 0.01226530612244898, 92.36734693877551, 104.91836734693878, 109.44897959183673, 218.81632653061226, 214.22448979591837, 237.44897959183672
0.018518518518518517,5, 141.24, 293.36, 0.024399999999999998, 141.4, 136.35999999999999, 138.95999999999998, 290.0, 311.28000000000003, 297.96
0.002472799208704253,60, 10.957500000000001, 24.928055555555556, 0.0015461111111111105, 11.008055555555556, 10.908333333333333, 10.843055555555557, 24.93722222222222, 25.154166666666665, 25.31861111111111
0.9199999999999999,1, 775.0, 1247.0, 0.09, 788.0, 701.0, 750.0, 1290.0, 1270.0, 1248.0
0.7004124065641378,47, 13.222272521502942, 31.691263014938883, 0.0019683114531462206, 13.427342688999548, 13.060208239022183, 13.0, 31.829787234042552, 31.65504753282028, 31.853327297419646
0.3468338725085468,11, 66.85123966942149, 145.71900826446281, 0.007016528925619836, 67.52066115702479, 67.48760330578513, 67.00826446280992, 149.05785123966942, 145.76859504132233, 144.41322314049586
0.5555555555555556,8, 80.34375, 179.703125, 0.014218750000000002, 81.21875, 80.578125, 77.21875, 181.375, 184.015625, 182.53125
0.044642857142857144,15, 48.43555555555555, 89.00444444444445, 0.0056000000000000025, 48.67111111111112, 48.07555555555555, 48.266666666666666, 89.26222222222222, 89.72888888888889, 92.28444444444445
0.7252567693744165,50, 13.398399999999999, 30.6512, 0.0022456000000000004, 13.7164, 13.338, 13.645199999999999, 30.891199999999998, 30.9304, 31.324
0.5591230662924629,1, 973.0, 1614.0, 0.13, 976.0, 1001.0, 1107.0, 1614.0, 1619.0, 1611.0
0.003323262839879154,18, 37.26234567901234, 78.97222222222223, 0.004898148148148148, 37.67901234567901, 37.160493827160494, 38.52777777777778, 79.57716049382717, 78.9104938271605, 80.73148148148148
0.0847457627118644,14, 44.132653061224495, 95.32653061224491, 0.008816326530612244, 43.77040816326531, 48.285714285714285, 49.045918367346935, 95.48469387755101, 97.03061224489795, 99.69897959183673
0.9090909090909091,6, 110.05555555555556, 220.08333333333334, 0.011694444444444445, 109.33333333333333, 108.16666666666667, 102.08333333333333, 219.2777777777778, 225.11111111111111, 228.08333333333334
0.30319148936170215,21, 30.052154195011337, 69.3718820861678, 0.008596371882086168, 29.884353741496597, 30.36734693877551, 30.378684807256235, 69.6281179138322, 69.75510204081633, 70.13378684807256
0.8333333333333333,20, 31.225, 68.1, 0.003675000000000001, 31.55, 30.8375, 30.847500000000004, 68.3425, 68.12, 68.62
0.935483870967742,1, 623.0, 1395.0, 0.05, 596.0, 628.0, 582.0, 1384.0, 1371.0, 1254.0
0.0054466230936819175,5, 141.8, 291.12, 0.011200000000000002, 143.95999999999998, 135.92000000000002, 133.16, 292.56, 287.6, 293.15999999999997
0.6976981351981353,15, 45.275555555555556, 101.73777777777778, 0.003471111111111111, 45.586666666666666, 44.315555555555555, 43.29333333333333, 101.86666666666666, 101.35111111111111, 98.10666666666665
0.875,2, 388.0, 654.75, 0.057249999999999995, 369.25, 384.25, 314.5, 664.75, 705.5, 698.25
0.05963228348710511,1, 670.0, 1320.0, 0.059, 673.0, 673.0, 675.0, 1303.0, 1293.0, 1216.0
0.016722408026755852,4, 141.625, 391.8125, 0.025625, 142.5625, 135.9375, 140.0, 392.5625, 386.0625, 401.6875
0.007246376811594203,1, 858.0, 1394.0, 0.03, 858.0, 870.0, 870.0, 1394.0, 1412.0, 1425.0
0.3638457203316736,9, 74.65432098765433, 169.1358024691358, 0.01458024691358025, 75.39506172839506, 74.80246913580247, 75.20987654320987, 168.83950617283952, 171.320987654321, 167.66666666666666
0.3858168631654727,1, 722.0, 1462.0, 0.2, 723.0, 728.0, 708.0, 1451.0, 1464.0, 1491.0
0.6,21, 32.41043083900227, 69.68480725623583, 0.004371882086167801, 32.53061224489796, 32.73696145124717, 33.20634920634921, 69.92290249433105, 69.43764172335601, 70.22222222222223
0.41485001407712074,6, 123.83333333333333, 258.02777777777777, 0.014166666666666668, 123.41666666666667, 123.5, 126.77777777777777, 257.77777777777777, 253.75, 253.25
0.03986826139712255,1, 615.0, 1263.0, 0.031, 615.0, 626.0, 637.0, 1263.0, 1280.0, 1294.0
0.45454545454545453,23, 29.262759924385637, 66.3194706994329, 0.0031323251417769383, 29.561436672967865, 28.429111531190923, 27.792060491493384, 66.61058601134215, 65.16635160680529, 65.47637051039698
0.06119523026890933,9, 73.12345679012346, 183.2962962962963, 0.013444444444444445, 73.24691358024691, 72.87654320987654, 67.97530864197532, 183.22222222222223, 182.1358024691358, 188.44444444444446
0.9915014164305949,1, 573.0, 1548.0, 0.029, 573.0, 568.0, 558.0, 1548.0, 1553.0, 1556.0
0.2583779621670076,11, 57.91735537190083, 140.7520661157025, 0.011157024793388428, 58.388429752066116, 57.45454545454545, 56.74380165289256, 141.68595041322314, 140.4297520661157, 140.94214876033058
0.051490514905149054,14, 51.576530612244895, 109.58673469387756, 0.006464285714285715, 52.01020408163265, 49.98979591836735, 47.265306122448976, 110.41326530612244, 106.74489795918366, 105.0561224489796
