0.0,1, 448.0, 2477.0, 0.16, 459.0, 451.0, 456.0, 2468.0, 2487.0, 2474.0
0.02082912411450186,1, 565.0, 2254.0, 0.12, 569.0, 564.0, 652.0, 2241.0, 2316.0, 2045.0
0.4949186991869919,3, 224.2222222222222, 618.4444444444445, 0.022111111111111113, 224.7777777777778, 219.2222222222222, 230.33333333333334, 612.2222222222223, 638.4444444444445, 631.1111111111111
0.28797816531883524,16, 31.04296875, 153.390625, 0.00726953125, 31.07421875, 30.9140625, 32.60546875, 152.7734375, 153.515625, 145.86328125
0.07261164901661495,2, 239.25, 1291.0, 0.09025, 243.5, 1068.75, 790.0, 1271.5, 1546.5, 1376.5
0.9056603773584906,2, 274.5, 895.0, 0.038, 271.0, 295.5, 335.5, 904.5, 876.5, 894.0
1.0,1, 570.0, 2602.0, 0.12, 568.0, 588.0, 625.0, 2610.0, 2659.0, 2632.0
0.26754289597142034,9, 58.65432098765432, 266.2345679012346, 0.013839506172839506, 58.827160493827165, 58.160493827160494, 77.64197530864197, 263.17283950617286, 268.4814814814815, 272.08641975308643
0.11904761904761904,1, 505.0, 2475.0, 0.1, 507.0, 462.0, 2011.0, 2440.0, 2431.0, 2653.0
0.23226773226773229,5, 98.0, 445.08000000000004, 0.01564, 98.28, 97.8, 97.96000000000001, 446.36, 443.43999999999994, 444.32
0.7746112594346588,3, 184.7777777777778, 803.8888888888888, 0.021222222222222222, 185.2222222222222, 182.33333333333334, 205.33333333333334, 804.6666666666666, 804.0, 804.6666666666666
0.5145823094171409,1, 428.0, 2493.0, 0.13, 431.0, 417.0, 430.0, 2525.0, 2525.0, 2564.0
0.3858168631654727,1, 471.0, 2391.0, 0.18, 476.0, 501.0, 607.0, 2430.0, 2277.0, 2297.0
0.6666666666666666,1, 500.0, 2406.0, 0.11, 502.0, 501.0, 567.0, 2394.0, 2414.0, 2330.0
0.9901960784313726,1, 489.0, 2288.0, 0.19, 493.0, 501.0, 467.0, 2285.0, 2467.0, 2573.0
0.3638457203316736,3, 156.0, 833.6666666666666, 0.03666666666666667, 156.11111111111111, 155.33333333333334, 174.2222222222222, 827.1111111111112, 853.5555555555555, 841.3333333333334
0.01825117263784198,2, 245.5, 1233.75, 0.03, 248.0, 245.25, 239.0, 1225.5, 1256.25, 1276.5
0.03568369968598344,3, 165.22222222222223, 827.6666666666666, 0.02666666666666667, 164.88888888888889, 169.44444444444443, 182.0, 828.0, 822.0, 799.8888888888888
0.24169246646026832,1, 456.0, 2135.0, 0.1, 462.0, 447.0, 412.0, 2123.0, 2117.0, 2033.0
0.004,1, 464.0, 2489.0, 0.239, 469.0, 1606.0, 2547.0, 2472.0, 2996.0, 3361.0
0.8583333333333334,1, 503.0, 2896.0, 0.12, 516.0, 486.0, 546.0, 2913.0, 2845.0, 2692.0
0.029940119760479042,1, 667.0, 2735.0, 0.24, 672.0, 1498.0, 2574.0, 2704.0, 3717.0, 4501.0
0.047573739295908656,3, 155.88888888888889, 846.3333333333334, 0.029888888888888892, 156.0, 155.88888888888889, 255.88888888888889, 839.7777777777778, 829.0, 836.2222222222222
0.09613819705639245,1, 741.0, 2022.0, 0.08, 713.0, 788.0, 1065.0, 2045.0, 1872.0, 1513.0
0.6047008547008548,1, 451.0, 2319.0, 0.13, 451.0, 499.0, 530.0, 2321.0, 1962.0, 1777.0
0.9768518518518519,1, 465.0, 2503.0, 0.131, 473.0, 471.0, 440.0, 2489.0, 2523.0, 2540.0
0.3975563909774436,2, 247.5, 1349.75, 0.0625, 250.75, 241.75, 715.0, 1349.5, 1375.25, 1449.5
0.21524064171122995,4, 128.5625, 645.4375, 0.037437500000000005, 129.0625, 169.25, 201.3125, 651.5625, 605.5625, 632.0
0.06573290878638645,1, 590.0, 2049.0, 0.06, 583.0, 616.0, 724.0, 2017.0, 2036.0, 1948.0
0.853299856527977,2, 251.75, 1277.25, 0.0275, 252.25, 248.0, 245.5, 1281.5, 1235.0, 1155.25
0.0662940654052643,1, 498.0, 2321.0, 0.14, 501.0, 466.0, 462.0, 2342.0, 2278.0, 2293.0
0.4888888888888889,4, 120.0625, 557.375, 0.025562500000000002, 120.5625, 121.125, 125.5, 557.4375, 557.9375, 550.5625
0.09401709401709402,2, 243.75, 1307.0, 0.07, 247.0, 235.25, 309.75, 1290.0, 1340.75, 1303.25
0.4473684210526316,5, 104.52000000000001, 515.04, 0.024, 105.28, 101.72, 103.75999999999999, 515.2, 516.04, 511.76000000000005
0.9199999999999999,2, 234.25, 1136.75, 0.08025, 233.0, 230.25, 233.25, 1143.75, 1072.5, 1113.75
0.7004124065641378,1, 491.0, 2544.0, 0.401, 492.0, 466.0, 430.0, 2542.0, 2499.0, 2238.0
0.7252567693744165,3, 190.88888888888889, 753.0, 0.0398888888888889, 189.0, 189.66666666666666, 190.55555555555554, 748.8888888888888, 762.5555555555555, 759.0
0.5591230662924629,1, 481.0, 2466.0, 0.261, 487.0, 477.0, 491.0, 2467.0, 2325.0, 2305.0
0.003323262839879154,2, 223.75, 1140.75, 0.03725, 229.25, 221.5, 219.0, 1152.0, 1111.5, 1092.25
0.30319148936170215,1, 519.0, 2848.0, 0.139, 523.0, 509.0, 465.0, 2832.0, 2858.0, 2918.0
0.8914565826330532,1, 481.0, 2405.0, 0.06, 488.0, 444.0, 465.0, 2356.0, 2466.0, 2476.0
0.8685759145912924,1, 445.0, 2438.0, 0.05, 448.0, 452.0, 477.0, 2390.0, 2473.0, 2572.0
0.9,1, 449.0, 2262.0, 0.1, 457.0, 434.0, 377.0, 2255.0, 2343.0, 2467.0
0.8333333333333333,1, 549.0, 2771.0, 0.059, 559.0, 530.0, 507.0, 2783.0, 2808.0, 2834.0
0.037286724927174365,2, 251.0, 1097.75, 0.06025, 250.5, 252.75, 246.0, 1095.0, 1111.25, 1054.0
0.5714285714285714,1, 477.0, 2599.0, 0.14, 471.0, 487.0, 515.0, 2580.0, 2656.0, 2577.0
0.5286233530213539,2, 232.5, 1272.5, 0.0475, 233.0, 235.0, 255.5, 1260.0, 1317.5, 1254.75
0.0054466230936819175,2, 232.25, 1317.25, 0.052750000000000005, 234.75, 246.5, 313.25, 1305.25, 1265.5, 1053.0
0.5,2, 256.0, 1216.5, 0.0575, 252.75, 324.25, 603.25, 1207.5, 1199.5, 1182.25
0.875,1, 542.0, 1462.0, 0.33, 534.0, 514.0, 654.0, 1460.0, 1833.0, 1806.0
0.016722408026755852,1, 531.0, 2553.0, 0.15, 524.0, 560.0, 550.0, 2598.0, 2170.0, 2072.0
0.6,2, 254.0, 1307.25, 0.04775, 259.5, 240.0, 250.0, 1278.25, 1343.0, 1358.75
0.03986826139712255,2, 251.75, 1149.25, 0.06525, 258.0, 245.75, 242.5, 1140.25, 1154.0, 1117.75
0.9915014164305949,3, 164.22222222222223, 786.7777777777778, 0.026555555555555554, 166.33333333333334, 164.44444444444443, 247.66666666666666, 781.5555555555555, 780.5555555555555, 758.1111111111112
