0.0,3, 214.7777777777778, 655.3333333333334, 0.03200000000000001, 207.44444444444446, 182.7777777777778, 169.0, 705.3333333333334, 737.1111111111112, 751.0
0.28797816531883524,29, 21.379310344827587, 63.92271105826397, 0.0024042806183115343, 21.092746730083235, 19.585017835909632, 19.394768133174793, 67.243757431629, 72.30915576694412, 74.99881093935791
0.3333333333333333,1, 634.0, 1908.0, 0.07, 621.0, 581.0, 484.0, 1949.0, 2058.0, 2162.0
0.6666666666666666,2, 309.0, 888.0, 0.035, 301.75, 285.5, 265.0, 913.0, 971.25, 998.0
0.037286724927174365,2, 318.25, 1010.5, 0.0425, 300.75, 270.5, 366.75, 1083.25, 1188.5, 1186.25
0.9,1, 656.0, 1893.0, 0.091, 626.0, 560.0, 507.0, 2016.0, 2202.0, 2246.0
1.0,4, 159.5, 401.25, 0.0193125, 152.4375, 130.4375, 127.75, 426.6875, 477.4375, 435.8125
0.01825117263784198,2, 325.5, 861.5, 0.037250000000000005, 311.25, 282.0, 270.5, 887.75, 951.0, 973.25
0.9199999999999999,7, 91.38775510204081, 258.87755102040813, 0.008755102040816327, 89.46938775510205, 80.20408163265306, 74.89795918367348, 262.61224489795916, 281.81632653061223, 299.44897959183675
0.16866374487131666,8, 81.546875, 226.265625, 0.011406250000000001, 78.171875, 69.734375, 62.671875, 242.25, 270.875, 282.953125
0.11457431215500621,2, 300.25, 948.25, 0.048, 278.0, 256.5, 238.75, 1049.5, 1116.0, 1130.75
0.5232058376276886,14, 44.06122448979592, 128.34183673469389, 0.005255102040816327, 42.53061224489796, 38.15816326530612, 37.69897959183674, 133.0765306122449, 144.82142857142858, 149.96428571428572
0.9056603773584906,1, 666.0, 2308.0, 0.08, 651.0, 609.0, 1498.0, 2313.0, 2413.0, 2950.0
0.9558498896247241,2, 329.75, 930.75, 0.045, 318.0, 275.5, 236.5, 998.75, 1076.0, 1121.75
0.0664819944598338,1, 636.0, 1780.0, 0.05, 636.0, 617.0, 568.0, 1780.0, 1924.0, 2029.0
0.11904761904761904,20, 29.79, 92.0975, 0.0032424999999999997, 28.9775, 25.6175, 23.942500000000003, 94.96000000000001, 102.6475, 104.5575
0.34014806386840046,1, 603.0, 1854.0, 0.061, 596.0, 558.0, 505.0, 1886.0, 2088.0, 2173.0
0.9886561954624782,2, 313.25, 916.0, 0.0375, 303.5, 259.25, 230.25, 950.0, 1046.25, 1062.25
0.08950545727963642,7, 92.20408163265306, 263.18367346938777, 0.006959183673469387, 92.04081632653062, 87.18367346938776, 80.95918367346938, 263.38775510204084, 281.6734693877551, 295.7142857142857
0.14556962025316456,4, 159.9375, 442.125, 0.012562499999999999, 159.625, 144.625, 140.875, 443.125, 470.875, 462.625
0.06573290878638645,2, 313.75, 859.5, 0.02, 313.75, 291.0, 270.5, 859.5, 900.75, 958.5
0.1721311475409836,1, 681.0, 2763.0, 0.059, 678.0, 674.0, 623.0, 2793.0, 2753.0, 2729.0
0.3975563909774436,2, 329.5, 867.5, 0.05975, 296.25, 262.25, 237.25, 921.0, 827.0, 727.0
0.0662940654052643,8, 83.40625, 237.921875, 0.010468749999999999, 78.15625, 68.578125, 76.796875, 248.765625, 260.015625, 264.421875
0.09401709401709402,1, 635.0, 1740.0, 0.09, 602.0, 550.0, 500.0, 1920.0, 2188.0, 2036.0
0.018518518518518517,2, 298.5, 945.5, 0.035, 288.5, 262.25, 254.0, 978.75, 1047.25, 1063.0
0.26754289597142034,9, 72.77777777777777, 209.93827160493825, 0.007666666666666667, 70.48148148148148, 65.04938271604938, 58.629629629629626, 218.48148148148147, 233.58024691358025, 238.09876543209873
0.7004124065641378,1, 617.0, 1830.0, 0.089, 587.0, 512.0, 494.0, 2035.0, 2317.0, 2254.0
0.5,1, 642.0, 2113.0, 0.109, 610.0, 525.0, 488.0, 2321.0, 2244.0, 2377.0
0.30319148936170215,9, 74.41975308641976, 197.30864197530866, 0.008234567901234568, 73.19753086419753, 67.98765432098766, 65.61728395061728, 200.16049382716048, 217.5679012345679, 229.87654320987653
0.5286233530213539,2, 346.5, 1000.75, 0.0255, 346.5, 309.25, 274.75, 1000.75, 1069.0, 1123.25
0.6976981351981353,1, 673.0, 1858.0, 0.05, 673.0, 601.0, 524.0, 1858.0, 2017.0, 2078.0
0.05963228348710511,1, 640.0, 1764.0, 0.05, 640.0, 570.0, 513.0, 1764.0, 1892.0, 1889.0
0.9901960784313726,2, 344.0, 895.0, 0.042749999999999996, 326.5, 283.0, 262.0, 947.0, 1015.0, 1051.0
0.3858168631654727,5, 118.8, 372.68, 0.01556, 114.44000000000001, 106.64000000000001, 107.35999999999999, 397.15999999999997, 433.6, 429.8
0.3638457203316736,7, 91.79591836734694, 257.3265306122449, 0.010816326530612246, 88.28571428571429, 77.63265306122449, 72.3265306122449, 270.61224489795916, 301.0, 307.48979591836735
