0.0,3, 528.0, 1700.3333333333333, 0.09033333333333333, 530.3333333333334, 536.0, 534.3333333333334, 1694.3333333333333, 1727.3333333333333, 1715.3333333333333
0.28797816531883524,29, 540.448275862069, 1760.4137931034484, 0.07, 535.2068965517242, 553.8275862068965, 584.448275862069, 1793.9655172413793, 1769.0344827586207, 1782.2413793103449
0.3333333333333333,1, 618.0, 1833.0, 0.03, 618.0, 616.0, 614.0, 1833.0, 1810.0, 1788.0
0.6666666666666666,2, 605.0, 1580.0, 0.08549999999999999, 605.0, 603.5, 614.5, 1578.5, 1563.5, 1614.0
0.037286724927174365,2, 612.0, 1559.5, 0.065, 613.0, 592.0, 578.0, 1578.0, 1509.5, 1545.5
0.9,1, 621.0, 1587.0, 0.051, 610.0, 625.0, 590.0, 1633.0, 1511.0, 1385.0
1.0,4, 576.0, 1473.75, 0.067, 576.5, 575.0, 557.25, 1479.75, 1473.75, 1479.0
0.01825117263784198,2, 567.0, 1662.5, 0.08, 566.5, 567.0, 556.5, 1656.0, 1705.5, 1832.0
0.9199999999999999,7, 577.5714285714286, 1480.5714285714287, 0.13557142857142856, 612.2857142857143, 599.5714285714286, 601.8571428571429, 1497.142857142857, 1533.7142857142858, 1655.5714285714287
0.16866374487131666,8, 549.375, 1568.375, 0.09137500000000001, 547.125, 545.375, 561.5, 1584.5, 1549.625, 1592.0
0.11457431215500621,2, 620.0, 1702.5, 0.2, 621.0, 629.5, 1082.5, 1703.5, 1695.5, 2486.5
0.5232058376276886,14, 536.0, 1556.357142857143, 0.10571428571428573, 536.2857142857143, 542.2857142857143, 576.0714285714286, 1562.857142857143, 1557.7142857142858, 1620.2857142857142
0.9056603773584906,1, 678.0, 1503.0, 0.1, 676.0, 689.0, 885.0, 1509.0, 1541.0, 1634.0
0.9558498896247241,2, 516.0, 1621.5, 0.0505, 516.5, 511.5, 512.0, 1635.5, 1566.5, 1516.5
0.0664819944598338,1, 456.0, 1898.0, 0.04, 457.0, 453.0, 461.0, 1900.0, 1891.0, 1880.0
0.11904761904761904,20, 547.5, 1504.95, 0.088, 550.8, 554.55, 609.55, 1520.5, 1535.55, 1625.0
0.34014806386840046,1, 572.0, 1667.0, 0.03, 572.0, 575.0, 578.0, 1667.0, 1655.0, 1626.0
0.9886561954624782,2, 544.0, 1438.0, 0.0855, 536.5, 567.5, 589.0, 1447.0, 1420.0, 1532.5
0.08950545727963642,7, 538.0, 1616.2857142857142, 0.031, 538.0, 532.7142857142857, 530.4285714285714, 1616.7142857142858, 1592.857142857143, 1575.142857142857
0.14556962025316456,4, 645.0, 1534.5, 0.115, 647.25, 703.0, 753.25, 1546.5, 1502.75, 1536.25
0.06573290878638645,2, 551.5, 1599.5, 0.07, 553.5, 549.0, 558.5, 1591.0, 1644.5, 1754.0
0.1721311475409836,1, 487.0, 1677.0, 0.029, 487.0, 505.0, 525.0, 1677.0, 1680.0, 1681.0
0.3975563909774436,2, 589.5, 1653.0, 0.125, 587.5, 586.5, 582.0, 1649.0, 1657.0, 1778.0
0.0662940654052643,8, 604.75, 1574.875, 0.1085, 605.375, 671.625, 681.0, 1604.25, 1652.625, 1773.125
0.09401709401709402,1, 587.0, 1477.0, 0.081, 588.0, 582.0, 584.0, 1502.0, 1452.0, 1348.0
0.018518518518518517,2, 573.0, 1704.5, 0.065, 572.5, 585.0, 587.5, 1699.0, 1714.0, 1712.0
0.26754289597142034,9, 604.3333333333334, 1649.6666666666667, 0.04333333333333334, 601.7777777777778, 591.5555555555555, 567.3333333333334, 1660.6666666666667, 1620.5555555555557, 1611.111111111111
0.7004124065641378,1, 577.0, 1719.0, 0.17, 579.0, 574.0, 553.0, 1723.0, 1680.0, 1757.0
0.5,1, 515.0, 1663.0, 0.15, 516.0, 486.0, 603.0, 1657.0, 1738.0, 1872.0
0.30319148936170215,9, 601.1111111111111, 1615.0, 0.13555555555555554, 599.2222222222222, 618.2222222222222, 714.6666666666666, 1633.7777777777778, 1586.2222222222222, 1734.5555555555557
0.5286233530213539,2, 631.0, 1766.0, 0.0395, 629.5, 633.0, 618.5, 1786.0, 1732.5, 1661.0
0.6976981351981353,1, 544.0, 1760.0, 0.061, 527.0, 553.0, 575.0, 1769.0, 1766.0, 1788.0
0.05963228348710511,1, 570.0, 1340.0, 0.08, 572.0, 552.0, 530.0, 1399.0, 1261.0, 1352.0
0.9901960784313726,2, 557.5, 1503.5, 0.11499999999999999, 568.5, 554.0, 943.0, 1559.0, 1517.0, 1875.0
0.3858168631654727,5, 522.4, 1496.0, 0.076, 524.2, 527.6, 548.2, 1516.6, 1493.0, 1538.4
0.3638457203316736,7, 558.8571428571429, 1648.4285714285713, 0.11014285714285714, 560.8571428571429, 599.2857142857143, 584.8571428571429, 1661.142857142857, 1718.0, 1738.4285714285713
