0.0,3, 527.0, 1869.6666666666667, 0.03, 527.3333333333334, 527.3333333333334, 527.0, 1869.6666666666667, 1865.6666666666667, 1861.6666666666667
0.28797816531883524,29, 530.551724137931, 1851.6206896551723, 0.033000000000000015, 630.2413793103449, 626.1379310344828, 664.1034482758621, 1981.344827586207, 1964.8275862068965, 1988.3103448275863
0.3333333333333333,1, 618.0, 1734.0, 0.03, 618.0, 831.0, 1064.0, 1734.0, 1973.0, 2225.0
0.6666666666666666,2, 489.0, 1770.5, 0.03, 489.0, 488.0, 490.5, 1770.5, 1758.5, 1748.5
0.037286724927174365,2, 559.0, 1787.5, 0.0305, 559.0, 569.0, 578.0, 1787.5, 1783.0, 1775.0
0.9,1, 507.0, 1835.0, 0.03, 507.0, 513.0, 524.0, 1835.0, 1829.0, 1828.0
1.0,4, 558.0, 1701.25, 0.0295, 569.5, 605.25, 647.0, 1834.0, 1849.25, 1860.75
0.01825117263784198,2, 562.5, 1614.5, 0.03, 562.5, 570.5, 575.5, 1614.5, 1613.0, 1610.0
0.9199999999999999,7, 531.8571428571429, 1827.4285714285713, 0.030714285714285715, 618.5714285714286, 620.2857142857143, 641.1428571428571, 1977.142857142857, 1969.4285714285713, 1993.857142857143
0.16866374487131666,8, 529.75, 1821.0, 0.03475, 643.625, 664.625, 695.125, 2000.625, 1990.0, 1979.75
0.11457431215500621,2, 560.5, 1730.5, 0.0305, 560.5, 571.0, 583.0, 1730.5, 1719.5, 1706.5
0.5232058376276886,14, 530.2142857142857, 1723.5, 0.03278571428571429, 530.5, 527.2857142857143, 524.0714285714286, 1724.9285714285713, 1708.2857142857142, 1703.5
0.9056603773584906,1, 554.0, 1772.0, 0.03, 554.0, 552.0, 550.0, 1772.0, 1747.0, 1721.0
0.9558498896247241,2, 512.0, 1764.5, 0.04, 511.0, 524.0, 541.5, 1771.0, 1722.5, 1696.0
0.0664819944598338,1, 707.0, 1512.0, 0.19, 720.0, 687.0, 604.0, 1504.0, 1788.0, 2189.0
0.11904761904761904,20, 520.7, 1693.6, 0.03215000000000002, 523.3, 526.8, 555.8, 1696.95, 1685.55, 1703.35
0.34014806386840046,1, 511.0, 1807.0, 0.04, 511.0, 511.0, 521.0, 1808.0, 1789.0, 1779.0
0.9886561954624782,2, 534.5, 1681.0, 0.0345, 534.0, 544.5, 594.0, 1685.0, 1640.5, 1670.5
0.08950545727963642,7, 553.5714285714286, 1789.2857142857142, 0.03, 553.5714285714286, 557.0, 579.4285714285714, 1789.2857142857142, 1782.2857142857142, 1795.7142857142858
0.14556962025316456,5, 518.2, 1710.2, 0.030199999999999998, 517.8, 540.0, 586.0, 1745.2, 1758.4, 1790.4
0.06573290878638645,2, 558.0, 1752.5, 0.0305, 558.0, 561.0, 565.0, 1752.5, 1725.5, 1707.5
0.1721311475409836,1, 545.0, 1867.0, 0.03, 545.0, 566.0, 591.0, 1867.0, 1839.0, 1828.0
0.3975563909774436,2, 546.5, 1948.0, 0.0405, 543.5, 563.0, 573.5, 1947.0, 1892.0, 1862.0
0.0662940654052643,8, 564.125, 1708.375, 0.036250000000000004, 615.75, 641.75, 675.25, 1922.25, 1942.75, 1990.0
0.09401709401709402,1, 509.0, 1619.0, 0.03, 509.0, 513.0, 519.0, 1619.0, 1578.0, 1529.0
0.018518518518518517,2, 603.0, 1790.5, 0.03, 603.0, 603.0, 606.0, 1790.0, 1783.0, 1779.5
0.26754289597142034,9, 535.7777777777778, 1787.4444444444443, 0.031222222222222224, 535.5555555555555, 538.6666666666666, 542.2222222222222, 1787.4444444444443, 1779.6666666666667, 1779.7777777777778
0.7004124065641378,1, 508.0, 1861.0, 0.03, 508.0, 508.0, 508.0, 1861.0, 1855.0, 1851.0
0.5,1, 553.0, 1769.0, 0.04, 553.0, 557.0, 568.0, 1772.0, 1741.0, 1743.0
0.30319148936170215,9, 568.3333333333334, 1817.3333333333333, 0.03466666666666667, 570.3333333333334, 571.0, 570.0, 1833.2222222222222, 1844.6666666666667, 1821.3333333333333
0.5286233530213539,2, 574.5, 1771.0, 0.0295, 574.5, 583.0, 596.5, 1771.0, 1774.5, 1782.5
0.6976981351981353,1, 517.0, 1874.0, 0.03, 517.0, 551.0, 590.0, 1874.0, 1858.0, 1833.0
0.05963228348710511,1, 572.0, 1574.0, 0.029, 572.0, 576.0, 580.0, 1574.0, 1566.0, 1560.0
0.9901960784313726,2, 551.0, 1829.5, 0.03, 551.0, 552.5, 551.0, 1829.5, 1848.0, 1874.5
0.3858168631654727,5, 549.6, 1826.2, 0.0324, 549.8, 553.0, 562.0, 1825.8, 1827.2, 1832.6
0.3638457203316736,7, 509.7142857142857, 1631.5714285714287, 0.03742857142857143, 507.0, 519.8571428571429, 523.7142857142857, 1669.4285714285713, 1630.4285714285713, 1597.0
