0.0,2, 232.25, 889.0, 0.030000000000000002, 234.0, 232.75, 253.25, 883.25, 915.0, 988.0
0.28797816531883524,331, 1.7380454723852468, 5.180949425434233, 0.0001756008068564543, 1.8393771506284171, 1.7329980558775475, 1.7755496937778954, 5.326995920081051, 5.161608601600935, 5.1428975639141665
0.26754289597142034,754, 0.7832409290151905, 2.1622522497168064, 7.164793954787544e-05, 0.8265448993519972, 0.7784794095504788, 0.7762121030894469, 2.240306341422229, 2.1419221270817355, 2.160774718741425
1.0,3, 178.55555555555554, 537.1111111111111, 0.01566666666666667, 182.44444444444446, 178.55555555555554, 176.44444444444446, 553.2222222222223, 520.0, 504.77777777777777
0.02082912411450186,6, 89.02777777777777, 309.11111111111114, 0.009944444444444445, 89.16666666666667, 87.72222222222223, 84.52777777777779, 309.6666666666667, 294.22222222222223, 306.36111111111114
0.43643745749829993,2, 238.0, 842.5, 0.03, 241.25, 240.5, 293.75, 836.5, 837.25, 831.0
0.4949186991869919,10, 57.71, 190.45999999999998, 0.00501, 58.260000000000005, 55.7, 60.720000000000006, 189.70999999999998, 192.23, 194.0
0.4304347826086956,7, 86.81632653061224, 228.59183673469389, 0.010816326530612246, 86.89795918367348, 90.89795918367348, 90.38775510204081, 230.9591836734694, 226.16326530612244, 223.6326530612245
0.07261164901661495,5, 111.12, 349.52, 0.006, 111.12, 117.04, 124.84, 349.52, 352.44, 355.15999999999997
0.3333333333333333,2, 230.25, 838.25, 0.015, 230.25, 223.75, 217.25, 838.25, 837.5, 836.0
0.9056603773584906,11, 47.066115702479344, 163.6694214876033, 0.004867768595041322, 46.66115702479339, 47.18181818181818, 46.88429752066116, 165.50413223140495, 162.16528925619835, 164.16528925619835
0.989451476793249,19, 30.085872576177287, 86.60941828254848, 0.0034736842105263168, 31.38781163434903, 29.487534626038784, 28.81163434903047, 90.0, 84.1163434903047, 82.39058171745152
0.320503682584937,6, 93.25, 263.63888888888886, 0.016388888888888887, 92.6388888888889, 95.30555555555556, 96.58333333333333, 264.38888888888886, 266.13888888888886, 261.9166666666667
0.16129032258064516,6, 87.0, 262.0833333333333, 0.006944444444444444, 87.16666666666667, 87.30555555555556, 91.8888888888889, 266.44444444444446, 257.22222222222223, 263.30555555555554
0.20833333333333334,13, 39.61538461538461, 117.88757396449704, 0.004556213017751481, 48.79289940828402, 39.55621301775148, 39.603550295857985, 126.41420118343196, 109.96449704142012, 101.24260355029585
0.4827586206896552,4, 140.375, 421.75, 0.008125, 140.0, 147.4375, 153.6875, 422.0, 419.4375, 420.125
0.11904761904761904,5, 108.96, 333.48, 0.011880000000000002, 111.12, 104.92, 99.03999999999999, 342.32, 335.84000000000003, 342.4
0.23226773226773229,11, 52.570247933884296, 146.4710743801653, 0.006710743801652891, 52.72727272727273, 52.652892561983464, 53.23140495867768, 148.94214876033058, 146.84297520661156, 150.4297520661157
0.7746112594346588,9, 54.76543209876544, 201.8148148148148, 0.0054197530864197535, 55.074074074074076, 55.08641975308642, 57.14814814814815, 202.11111111111111, 203.320987654321, 207.35802469135803
0.5145823094171409,5, 101.08, 329.44, 0.02404, 101.88, 99.03999999999999, 105.28, 332.0, 324.8, 329.2
0.11518225545177777,2, 322.25, 701.75, 0.027500000000000004, 320.25, 331.25, 351.5, 722.75, 682.75, 715.0
0.4473684210526316,20, 30.297500000000003, 89.35, 0.003172500000000001, 33.325, 29.7275, 28.714999999999996, 91.32000000000001, 89.65, 91.1575
0.4857142857142857,13, 44.142011834319526, 128.17751479289942, 0.006408284023668638, 43.857988165680474, 44.98816568047337, 50.59763313609467, 129.1715976331361, 128.15384615384616, 135.6153846153846
0.1875,3, 190.33333333333334, 500.0, 0.02, 191.55555555555554, 198.11111111111111, 213.66666666666666, 512.2222222222223, 487.8888888888889, 502.4444444444444
0.8685759145912924,7, 73.24489795918366, 255.18367346938774, 0.01, 75.18367346938776, 69.42857142857143, 75.06122448979592, 259.48979591836735, 262.46938775510205, 275.18367346938777
0.5,33, 15.396694214876032, 47.45454545454545, 0.0017741046831955929, 15.32415059687787, 15.32415059687787, 14.66574839302112, 48.97153351698806, 46.082644628099175, 46.501377410468315
-0.0032147828574918907,1, 441.0, 1351.0, 0.04, 441.0, 444.0, 443.0, 1351.0, 1177.0, 1233.0
0.39601850516956444,3, 204.2222222222222, 824.1111111111112, 0.01677777777777778, 201.88888888888889, 208.33333333333334, 343.6666666666667, 798.0, 828.8888888888888, 939.6666666666666
0.3858168631654727,3, 164.0, 576.4444444444445, 0.014333333333333335, 163.44444444444443, 174.7777777777778, 188.11111111111111, 576.0, 587.7777777777777, 607.2222222222223
0.9324324324324325,5, 92.4, 384.32, 0.00964, 94.67999999999999, 92.47999999999999, 90.88, 407.64, 399.08000000000004, 398.8
0.6666666666666666,6, 102.30555555555556, 342.52777777777777, 0.00525, 102.19444444444444, 100.47222222222223, 100.5, 354.1388888888889, 351.02777777777777, 348.6666666666667
0.037286724927174365,7, 67.77551020408164, 268.57142857142856, 0.005326530612244898, 67.61224489795919, 68.28571428571429, 67.85714285714286, 268.12244897959187, 269.9795918367347, 271.12244897959187
0.9558498896247241,4, 142.1875, 412.1875, 0.013187500000000001, 144.0, 141.8125, 139.1875, 416.8125, 409.9375, 416.375
0.22993864229373032,2, 263.25, 897.5, 0.02475, 259.75, 266.75, 259.25, 895.5, 903.75, 928.75
0.9901960784313726,11, 53.46280991735537, 160.11570247933884, 0.005512396694214877, 54.09917355371901, 53.79338842975207, 64.03305785123968, 158.8181818181818, 164.21487603305783, 165.93388429752065
0.7529680365296804,2, 402.75, 876.75, 0.03475, 403.5, 356.75, 304.5, 879.25, 855.75, 854.0
0.3638457203316736,2, 220.25, 867.0, 0.0175, 220.5, 222.25, 222.75, 870.25, 845.5, 820.0
0.43993552669005404,5, 101.84, 348.04, 0.00876, 106.8, 100.28, 97.28, 355.15999999999997, 347.52, 356.88
0.06097560975609756,2, 254.0, 843.75, 0.0175, 253.75, 251.0, 253.25, 844.0, 844.75, 849.75
0.20978831347592225,25, 20.504, 66.5552, 0.0025472000000000008, 20.4816, 20.504, 20.702399999999997, 67.4832, 65.6128, 66.1872
0.9,18, 28.5, 101.02469135802468, 0.002641975308641976, 30.944444444444443, 27.691358024691358, 28.891975308641975, 103.15123456790123, 99.59876543209877, 100.57407407407408
0.9985696771557009,35, 14.955918367346941, 44.98204081632653, 0.002098775510204081, 14.936326530612245, 14.882448979591835, 14.609795918367347, 45.666938775510204, 43.81142857142857, 43.44816326530612
0.01825117263784198,3, 165.77777777777777, 627.7777777777777, 0.01777777777777778, 171.66666666666666, 198.2222222222222, 229.2222222222222, 669.7777777777777, 668.4444444444445, 685.3333333333334
0.9199999999999999,10, 50.589999999999996, 166.06, 0.00571, 50.339999999999996, 50.78, 49.47, 167.22, 166.52, 168.14000000000001
0.16866374487131666,6, 86.16666666666667, 258.5833333333333, 0.013333333333333334, 86.5, 83.55555555555556, 93.72222222222223, 260.13888888888886, 262.02777777777777, 273.25
0.03568369968598344,29, 18.546967895362663, 55.689655172413794, 0.002606420927467301, 18.995243757431627, 18.66230677764566, 19.143876337693225, 56.22354340071344, 56.10939357907253, 57.15338882282997
0.047573739295908656,49, 11.075385256143273, 32.510620574760516, 0.001729279466888796, 11.34777176176593, 11.404831320283217, 11.793002915451895, 33.23906705539359, 32.45939192003332, 32.915868388171596
0.4888888888888889,11, 45.82644628099173, 151.28099173553719, 0.0048925619834710755, 50.12396694214876, 45.64462809917355, 45.01652892561984, 156.77685950413223, 147.61157024793388, 144.50413223140495
0.004,1, 474.0, 1531.0, 0.031, 474.0, 466.0, 457.0, 1531.0, 1513.0, 1497.0
0.8583333333333334,1, 546.0, 1777.0, 0.061, 547.0, 526.0, 518.0, 1761.0, 1836.0, 1966.0
0.7924477861944679,1, 630.0, 1640.0, 0.03, 630.0, 653.0, 707.0, 1640.0, 1653.0, 1662.0
0.851063829787234,1, 470.0, 1644.0, 0.04, 472.0, 462.0, 447.0, 1644.0, 1643.0, 1663.0
0.03540179922937689,22, 26.853305785123965, 70.12809917355372, 0.00253305785123967, 27.041322314049584, 27.043388429752067, 27.196280991735538, 72.43595041322314, 67.57644628099173, 68.39876033057851
0.09613819705639245,15, 36.04888888888889, 104.76444444444445, 0.003591111111111112, 36.031111111111116, 35.70222222222222, 35.55111111111111, 105.08888888888889, 103.63555555555556, 102.57777777777778
0.6047008547008548,6, 94.1388888888889, 285.25, 0.009972222222222224, 93.3888888888889, 94.5, 94.41666666666667, 286.4166666666667, 275.05555555555554, 251.63888888888889
0.0664819944598338,2, 285.75, 858.5, 0.0375, 264.5, 309.0, 337.25, 863.75, 901.0, 896.0
0.9768518518518519,10, 48.78, 181.57999999999998, 0.0047, 49.05, 48.29, 47.42, 181.8, 182.63, 188.67000000000002
0.16366612111292964,3, 281.44444444444446, 596.1111111111111, 0.013444444444444445, 280.6666666666667, 286.88888888888886, 293.22222222222223, 605.3333333333334, 587.2222222222223, 585.7777777777777
0.34014806386840046,1, 533.0, 1803.0, 0.051, 536.0, 530.0, 538.0, 1801.0, 1839.0, 2049.0
0.21055693545331977,2, 251.5, 787.75, 0.030000000000000002, 253.75, 253.25, 259.5, 801.0, 792.5, 850.0
0.09732706075762634,6, 113.6388888888889, 288.36111111111114, 0.014722222222222222, 113.69444444444444, 111.6111111111111, 108.1388888888889, 290.69444444444446, 284.11111111111114, 278.97222222222223
0.8166666666666667,4, 147.4375, 445.25, 0.0100625, 146.75, 155.125, 161.3125, 447.0625, 445.625, 447.25
0.3975563909774436,6, 79.58333333333333, 301.94444444444446, 0.008027777777777778, 78.83333333333333, 79.72222222222221, 80.13888888888889, 303.25, 301.13888888888886, 302.36111111111114
0.21524064171122995,2, 259.5, 826.25, 0.0225, 257.5, 256.25, 248.75, 826.75, 809.0, 785.0
0.9886561954624782,2, 224.0, 862.0, 0.02525, 225.5, 217.0, 203.75, 857.25, 878.5, 888.0
0.08950545727963642,8, 65.984375, 220.03125, 0.006578124999999999, 73.3125, 62.546875, 60.671875, 226.46875, 220.484375, 225.65625
0.14556962025316456,12, 52.0, 111.06944444444444, 0.005847222222222222, 51.333333333333336, 53.61805555555555, 56.75, 113.59722222222223, 111.53472222222223, 118.90277777777777
0.06573290878638645,3, 176.2222222222222, 616.1111111111111, 0.01777777777777778, 176.88888888888889, 177.44444444444446, 186.0, 616.5555555555555, 622.6666666666666, 668.1111111111111
0.2582808742897702,3, 232.55555555555554, 648.7777777777777, 0.013333333333333334, 233.11111111111111, 224.33333333333334, 326.88888888888886, 645.6666666666666, 636.6666666666666, 688.1111111111112
0.08250825082508251,1, 738.0, 2339.0, 0.031, 738.0, 842.0, 985.0, 2339.0, 2345.0, 2357.0
0.853299856527977,4, 135.4375, 432.9375, 0.016125, 134.3125, 135.5625, 132.25, 436.125, 419.5, 386.6875
0.1721311475409836,2, 232.5, 868.25, 0.02475, 227.0, 229.5, 208.25, 872.5, 867.75, 881.5
0.01737228245385574,2, 262.5, 875.5, 0.03025, 261.5, 256.25, 370.25, 877.0, 896.0, 1029.0
0.0662940654052643,1, 512.0, 1690.0, 0.04, 513.0, 499.0, 479.0, 1689.0, 1689.0, 1707.0
0.09401709401709402,1, 501.0, 1796.0, 0.03, 501.0, 458.0, 444.0, 1796.0, 1786.0, 1764.0
0.018518518518518517,10, 54.46, 180.70999999999998, 0.003910000000000001, 54.3, 54.33, 53.81, 182.27, 180.32, 181.55
0.002472799208704253,12, 45.71527777777778, 127.08333333333333, 0.008472222222222223, 46.208333333333336, 45.611111111111114, 46.638888888888886, 128.75694444444443, 128.07638888888889, 131.65972222222223
0.7004124065641378,2, 258.5, 979.5, 0.0275, 261.0, 254.75, 268.0, 978.25, 986.25, 1013.5
0.3468338725085468,3, 187.33333333333334, 550.7777777777777, 0.014333333333333335, 186.44444444444446, 183.55555555555554, 179.2222222222222, 548.7777777777777, 550.4444444444445, 549.3333333333334
0.5555555555555556,1, 560.0, 1419.0, 0.05, 560.0, 563.0, 553.0, 1481.0, 1305.0, 1119.0
0.044642857142857144,3, 186.2222222222222, 477.5555555555556, 0.017888888888888888, 187.11111111111111, 181.44444444444446, 174.7777777777778, 481.0, 481.5555555555556, 496.3333333333333
0.7252567693744165,5, 160.72, 349.88, 0.006840000000000001, 160.56, 156.84, 148.72, 350.56, 347.32, 340.2
0.5591230662924629,2, 234.75, 944.5, 0.017750000000000002, 234.75, 232.75, 229.75, 944.75, 946.0, 944.5
0.003323262839879154,3, 164.11111111111111, 569.7777777777777, 0.021333333333333333, 166.55555555555557, 161.55555555555557, 161.0, 571.2222222222223, 578.6666666666666, 596.6666666666666
0.0847457627118644,7, 80.14285714285714, 221.42857142857142, 0.00816326530612245, 82.12244897959184, 82.3061224489796, 81.24489795918366, 232.53061224489798, 209.77551020408163, 192.73469387755102
0.9090909090909091,2, 267.0, 751.25, 0.0325, 282.75, 256.5, 326.5, 784.25, 734.5, 887.75
0.30319148936170215,1, 578.0, 2066.0, 0.04, 579.0, 569.0, 557.0, 2057.0, 2149.0, 2225.0
0.8914565826330532,2, 261.75, 887.75, 0.0275, 259.25, 260.25, 249.0, 893.0, 903.5, 967.25
0.5714285714285714,3, 160.88888888888889, 573.8888888888889, 0.017666666666666667, 161.88888888888889, 161.55555555555557, 161.22222222222223, 577.1111111111111, 584.8888888888889, 602.4444444444445
0.5286233530213539,4, 123.0625, 431.625, 0.013125000000000001, 123.4375, 122.5, 122.8125, 447.3125, 429.625, 474.8125
0.935483870967742,2, 372.25, 976.0, 0.015, 386.75, 417.5, 477.75, 1089.0, 1119.0, 1121.0
0.0054466230936819175,4, 125.0625, 450.1875, 0.008125, 125.0, 124.0, 123.4375, 450.6875, 448.25, 447.0
0.6976981351981353,5, 112.44000000000001, 365.8, 0.00636, 112.35999999999999, 116.88, 121.8, 365.76, 367.84000000000003, 369.88
0.875,5, 105.08, 345.52, 0.00716, 105.64000000000001, 103.72, 106.72, 345.36, 349.76, 354.28000000000003
0.05963228348710511,1, 534.0, 1818.0, 0.05, 532.0, 539.0, 517.0, 1831.0, 1832.0, 1858.0
0.016722408026755852,2, 259.75, 833.5, 0.052750000000000005, 258.75, 252.25, 233.5, 828.75, 851.5, 902.0
0.007246376811594203,15, 38.94222222222222, 109.55555555555556, 0.0034577777777777775, 38.733333333333334, 39.36, 40.75111111111111, 110.51111111111112, 109.09333333333333, 110.94222222222223
0.6,2, 268.5, 882.25, 0.0275, 272.25, 268.5, 274.5, 882.75, 911.25, 972.0
0.41485001407712074,2, 227.5, 902.5, 0.0145, 227.5, 228.0, 228.75, 902.5, 902.75, 902.0
0.03986826139712255,7, 83.61224489795919, 245.59183673469389, 0.009428571428571427, 84.53061224489795, 82.9795918367347, 84.08163265306122, 244.69387755102042, 253.40816326530611, 260.48979591836735
0.45454545454545453,3, 183.55555555555554, 668.4444444444445, 0.01011111111111111, 179.7777777777778, 190.11111111111111, 196.33333333333334, 688.5555555555555, 672.3333333333334, 652.3333333333334
0.06119523026890933,3, 158.77777777777777, 627.8888888888889, 0.017777777777777778, 159.0, 157.55555555555557, 152.0, 633.5555555555555, 624.5555555555555, 630.6666666666666
0.9915014164305949,2, 270.0, 785.0, 0.03275, 265.75, 276.75, 253.0, 791.75, 763.5, 749.0
0.2583779621670076,3, 176.2222222222222, 594.6666666666666, 0.015555555555555557, 176.11111111111111, 177.0, 181.11111111111111, 597.2222222222223, 585.5555555555555, 591.4444444444445
0.051490514905149054,1, 503.0, 1812.0, 0.06, 506.0, 514.0, 522.0, 1792.0, 1845.0, 1968.0
