0.0,1, 545.0, 1563.0, 0.07, 566.0, 545.0, 544.0, 1521.0, 1602.0, 1507.0
0.26754289597142034,17, 34.09688581314879, 91.22491349480968, 0.0037923875432525956, 34.16262975778547, 33.84083044982699, 37.15916955017301, 90.12110726643598, 93.59861591695503, 93.8961937716263
0.07261164901661495,1, 517.0, 1457.0, 0.071, 536.0, 534.0, 726.0, 1401.0, 1501.0, 1435.0
0.16129032258064516,2, 282.75, 734.0, 0.025, 286.25, 293.0, 340.25, 721.75, 750.0, 682.75
1.0,1, 542.0, 1345.0, 0.03, 542.0, 550.0, 559.0, 1345.0, 1367.0, 1385.0
0.4827586206896552,1, 495.0, 1265.0, 0.08, 546.0, 571.0, 899.0, 1364.0, 1426.0, 1465.0
0.7746112594346588,3, 192.33333333333334, 442.22222222222223, 0.024444444444444446, 196.44444444444446, 182.88888888888889, 234.88888888888889, 426.4444444444444, 487.8888888888889, 515.1111111111111
0.5,2, 305.0, 845.5, 0.02725, 308.0, 312.75, 365.25, 814.5, 890.0, 875.25
0.4473684210526316,5, 123.64000000000001, 277.52, 0.00884, 125.08, 125.08, 135.56, 274.56, 286.52, 293.76
0.28797816531883524,18, 31.003086419753085, 83.37962962962962, 0.004435185185185186, 36.21296296296296, 34.888888888888886, 39.925925925925924, 82.78395061728395, 91.59567901234567, 96.04629629629629
0.06097560975609756,2, 243.5, 715.25, 0.02475, 251.5, 237.25, 266.25, 694.0, 747.25, 731.0
0.16866374487131666,1, 597.0, 1489.0, 0.071, 605.0, 651.0, 880.0, 1480.0, 1455.0, 1424.0
0.24169246646026832,1, 563.0, 1365.0, 0.08, 591.0, 510.0, 653.0, 1320.0, 1513.0, 1577.0
0.4304347826086956,1, 574.0, 1724.0, 0.041, 586.0, 513.0, 553.0, 1721.0, 1711.0, 1709.0
0.029940119760479042,1, 555.0, 1405.0, 0.06, 557.0, 563.0, 670.0, 1391.0, 1466.0, 1414.0
0.09613819705639245,1, 606.0, 1457.0, 0.04, 603.0, 625.0, 661.0, 1460.0, 1444.0, 1478.0
0.0664819944598338,1, 536.0, 1593.0, 0.051, 544.0, 529.0, 754.0, 1557.0, 1647.0, 1687.0
0.11904761904761904,2, 272.75, 697.75, 0.025, 275.5, 275.0, 297.5, 679.25, 750.5, 737.5
0.34014806386840046,1, 524.0, 1684.0, 0.05, 512.0, 536.0, 695.0, 1652.0, 1728.0, 1725.0
0.21055693545331977,1, 633.0, 1490.0, 0.08, 633.0, 590.0, 536.0, 1443.0, 1491.0, 1532.0
0.08950545727963642,6, 92.44444444444444, 246.30555555555554, 0.011638888888888891, 94.80555555555556, 89.91666666666667, 124.1388888888889, 235.33333333333334, 268.0, 287.97222222222223
0.9985696771557009,2, 276.25, 721.0, 0.03275, 280.25, 272.75, 343.5, 696.0, 772.25, 769.5
0.43993552669005404,1, 605.0, 1372.0, 0.09, 620.0, 573.0, 577.0, 1330.0, 1568.0, 1567.0
0.9768518518518519,1, 564.0, 1240.0, 0.051, 609.0, 527.0, 718.0, 1207.0, 1325.0, 1453.0
0.9056603773584906,1, 597.0, 1341.0, 0.061, 614.0, 574.0, 494.0, 1360.0, 1354.0, 1358.0
0.08250825082508251,1, 486.0, 1498.0, 0.03, 486.0, 483.0, 481.0, 1498.0, 1504.0, 1497.0
0.1721311475409836,5, 106.2, 271.64, 0.017560000000000003, 109.6, 121.67999999999999, 155.84, 267.15999999999997, 291.08000000000004, 287.91999999999996
0.09401709401709402,1, 570.0, 1690.0, 0.04, 570.0, 566.0, 577.0, 1690.0, 1753.0, 1737.0
0.002472799208704253,2, 270.25, 659.0, 0.0275, 278.5, 264.0, 289.25, 653.25, 667.5, 647.5
0.5555555555555556,1, 608.0, 1584.0, 0.09, 627.0, 543.0, 631.0, 1522.0, 1716.0, 1682.0
0.044642857142857144,1, 551.0, 1436.0, 0.05, 564.0, 529.0, 604.0, 1392.0, 1527.0, 1564.0
0.7004124065641378,2, 296.25, 674.0, 0.0325, 308.25, 285.75, 330.5, 647.75, 720.25, 696.0
0.003323262839879154,1, 561.0, 1339.0, 0.07, 565.0, 561.0, 640.0, 1249.0, 1525.0, 1652.0
0.0847457627118644,3, 191.66666666666666, 423.4444444444444, 0.020888888888888887, 194.33333333333334, 187.7777777777778, 233.0, 408.0, 455.6666666666667, 501.4444444444444
0.037286724927174365,2, 292.25, 786.0, 0.02, 296.0, 309.5, 329.5, 767.5, 819.0, 779.0
0.5286233530213539,2, 292.5, 841.25, 0.02975, 308.25, 290.0, 300.25, 816.25, 865.5, 857.75
0.875,2, 301.25, 664.5, 0.035250000000000004, 303.5, 265.5, 325.0, 644.25, 696.75, 702.75
0.9901960784313726,1, 602.0, 1565.0, 0.11, 628.0, 544.0, 944.0, 1581.0, 1606.0, 2333.0
0.007246376811594203,2, 270.25, 740.25, 0.02, 270.5, 263.25, 269.5, 739.5, 751.0, 757.25
0.9,1, 531.0, 1451.0, 0.05, 543.0, 541.0, 740.0, 1391.0, 1547.0, 1653.0
0.03986826139712255,1, 545.0, 1351.0, 0.09, 553.0, 778.0, 991.0, 1348.0, 1485.0, 1674.0
0.45454545454545453,3, 188.44444444444446, 536.5555555555555, 0.01888888888888889, 194.55555555555554, 184.55555555555554, 223.55555555555554, 516.5555555555555, 557.2222222222223, 523.7777777777777
0.9915014164305949,1, 506.0, 1676.0, 0.06, 519.0, 508.0, 1087.0, 1641.0, 1751.0, 1840.0
