0.0,1, 942.0, 1367.0, 0.15, 943.0, 933.0, 879.0, 1376.0, 1315.0, 1207.0
0.26754289597142034,17, 55.21453287197232, 72.33217993079586, 0.007228373702422145, 54.05882352941177, 56.24913494809689, 52.179930795847746, 72.44982698961938, 71.1038062283737, 66.37024221453287
0.07261164901661495,1, 824.0, 1320.0, 0.191, 811.0, 885.0, 861.0, 1320.0, 1329.0, 1272.0
0.16129032258064516,2, 477.25, 573.75, 0.07500000000000001, 476.25, 483.0, 475.5, 582.75, 577.75, 583.75
1.0,1, 696.0, 1489.0, 0.08, 686.0, 700.0, 662.0, 1553.0, 1373.0, 1324.0
0.4827586206896552,1, 971.0, 1325.0, 0.11, 973.0, 950.0, 838.0, 1346.0, 1299.0, 1216.0
0.7746112594346588,3, 289.11111111111114, 415.22222222222223, 0.044444444444444446, 287.88888888888886, 293.44444444444446, 273.44444444444446, 416.22222222222223, 406.22222222222223, 376.5555555555556
0.5,2, 489.0, 709.25, 0.04025, 494.0, 485.25, 451.25, 708.25, 695.25, 667.75
0.4473684210526316,5, 183.16, 308.8, 0.021240000000000002, 177.68, 193.48, 181.24, 318.32, 290.15999999999997, 281.28000000000003
0.28797816531883524,18, 57.77777777777778, 73.84876543209877, 0.007160493827160495, 57.166666666666664, 58.28395061728395, 55.206790123456784, 73.85802469135803, 73.91975308641976, 69.73765432098766
0.06097560975609756,2, 474.0, 713.25, 0.07200000000000001, 467.5, 491.25, 456.75, 724.25, 662.75, 632.25
0.16866374487131666,1, 1028.0, 1511.0, 0.14, 1018.0, 1051.0, 1065.0, 1540.0, 1423.0, 1370.0
0.24169246646026832,1, 1073.0, 1365.0, 0.11, 1062.0, 1033.0, 873.0, 1364.0, 1327.0, 1208.0
0.4304347826086956,1, 1122.0, 1489.0, 0.14, 1085.0, 1147.0, 957.0, 1483.0, 1462.0, 1271.0
0.029940119760479042,1, 1025.0, 1225.0, 0.161, 1035.0, 1065.0, 980.0, 1222.0, 1206.0, 1116.0
0.09613819705639245,1, 1019.0, 1449.0, 0.1, 1017.0, 998.0, 822.0, 1460.0, 1381.0, 1371.0
0.0664819944598338,1, 1055.0, 1520.0, 0.129, 1034.0, 1071.0, 997.0, 1539.0, 1454.0, 1349.0
0.11904761904761904,2, 473.0, 648.5, 0.04475, 466.5, 465.75, 407.25, 672.5, 610.0, 569.25
0.34014806386840046,1, 1093.0, 1467.0, 0.111, 1110.0, 1044.0, 1055.0, 1525.0, 1370.0, 1191.0
0.21055693545331977,1, 901.0, 1192.0, 0.169, 879.0, 857.0, 700.0, 1198.0, 1130.0, 1110.0
0.08950545727963642,6, 154.58333333333334, 241.80555555555554, 0.013916666666666667, 152.05555555555557, 155.97222222222223, 149.13888888888889, 246.4722222222222, 231.2222222222222, 217.61111111111111
0.9985696771557009,2, 475.25, 580.75, 0.0825, 469.25, 498.0, 469.75, 582.25, 593.25, 619.0
0.43993552669005404,1, 917.0, 1461.0, 0.101, 875.0, 978.0, 913.0, 1493.0, 1409.0, 1319.0
0.9768518518518519,1, 969.0, 1345.0, 0.14, 953.0, 986.0, 957.0, 1375.0, 1238.0, 1059.0
0.9056603773584906,1, 1031.0, 1247.0, 0.089, 1040.0, 937.0, 917.0, 1260.0, 1177.0, 1367.0
0.08250825082508251,1, 859.0, 1345.0, 0.08, 861.0, 847.0, 825.0, 1419.0, 1232.0, 1089.0
0.1721311475409836,5, 195.48, 259.64, 0.028000000000000004, 192.07999999999998, 205.8, 196.56, 260.04, 255.68, 251.51999999999998
0.09401709401709402,1, 962.0, 1244.0, 0.15, 947.0, 973.0, 970.0, 1256.0, 1256.0, 1180.0
0.002472799208704253,2, 505.25, 646.5, 0.052250000000000005, 495.0, 512.75, 498.5, 651.5, 633.75, 638.0
0.5555555555555556,1, 1208.0, 1359.0, 0.15, 1206.0, 1147.0, 1070.0, 1385.0, 1316.0, 1193.0
0.044642857142857144,1, 1017.0, 1229.0, 0.121, 983.0, 956.0, 769.0, 1240.0, 1189.0, 1192.0
0.7004124065641378,2, 472.0, 558.25, 0.06025, 473.5, 463.0, 457.5, 565.75, 556.0, 593.5
0.003323262839879154,1, 997.0, 1230.0, 0.16, 994.0, 1012.0, 1072.0, 1243.0, 1205.0, 1274.0
0.0847457627118644,3, 333.11111111111114, 430.6666666666667, 0.04666666666666666, 325.77777777777777, 329.55555555555554, 328.22222222222223, 447.4444444444444, 399.5555555555556, 391.8888888888889
0.037286724927174365,2, 465.0, 574.75, 0.04775, 461.5, 477.5, 463.75, 557.25, 613.75, 629.75
0.5286233530213539,2, 450.0, 650.25, 0.06025, 448.25, 460.25, 448.0, 647.75, 652.75, 622.75
0.875,2, 497.0, 608.0, 0.07250000000000001, 495.0, 490.0, 431.75, 611.75, 592.25, 587.75
0.9901960784313726,1, 889.0, 1009.0, 0.05, 891.0, 872.0, 819.0, 1020.0, 993.0, 954.0
0.007246376811594203,2, 438.5, 672.75, 0.0425, 436.0, 406.0, 352.75, 684.75, 667.0, 708.25
0.9,1, 948.0, 1565.0, 0.12, 928.0, 961.0, 800.0, 1605.0, 1455.0, 1272.0
0.03986826139712255,1, 1114.0, 1481.0, 0.12, 1105.0, 1111.0, 992.0, 1512.0, 1391.0, 1197.0
0.45454545454545453,3, 333.77777777777777, 466.77777777777777, 0.05000000000000001, 330.3333333333333, 341.5555555555556, 321.0, 468.3333333333333, 466.0, 453.8888888888889
0.9915014164305949,1, 813.0, 1111.0, 0.13, 779.0, 946.0, 953.0, 1096.0, 1105.0, 1184.0
