0.0,1, 497.0, 1977.0, 0.06, 501.0, 490.0, 482.0, 1937.0, 2067.0, 2202.0
0.26754289597142034,17, 532.3529411764706, 1839.7058823529412, 0.040117647058823536, 532.7647058823529, 532.3529411764706, 519.9411764705883, 1837.8823529411766, 1901.4117647058824, 1931.4117647058824
0.07261164901661495,1, 621.0, 1700.0, 0.06, 607.0, 622.0, 571.0, 1702.0, 1727.0, 1762.0
0.16129032258064516,2, 513.5, 2053.0, 0.03, 513.5, 508.0, 502.0, 2053.0, 2038.5, 2028.0
1.0,1, 475.0, 1604.0, 0.03, 475.0, 463.0, 453.0, 1604.0, 1611.0, 1622.0
0.4827586206896552,1, 655.0, 1605.0, 0.07, 648.0, 635.0, 548.0, 1613.0, 1593.0, 1601.0
0.7746112594346588,3, 658.3333333333334, 1751.3333333333333, 0.04700000000000001, 658.6666666666666, 655.0, 642.6666666666666, 1743.6666666666667, 1764.0, 1790.6666666666667
0.5,2, 475.5, 1787.0, 0.04, 482.0, 470.5, 458.5, 1787.5, 1783.5, 1816.0
0.4473684210526316,5, 541.8, 2103.4, 0.0342, 543.0, 537.0, 531.6, 2096.4, 2081.8, 2073.6
0.28797816531883524,18, 546.2222222222222, 1748.1666666666667, 0.052333333333333336, 549.6111111111111, 530.2222222222222, 514.0555555555555, 1738.2777777777778, 1750.6666666666667, 1757.611111111111
0.06097560975609756,1, 475.0, 1824.0, 0.031, 475.0, 469.0, 461.0, 1824.0, 1823.0, 1819.0
0.16866374487131666,1, 517.0, 2113.0, 0.04, 517.0, 510.0, 488.0, 2111.0, 2137.0, 2164.0
0.24169246646026832,1, 546.0, 1593.0, 0.03, 546.0, 546.0, 543.0, 1593.0, 1604.0, 1617.0
0.4304347826086956,1, 587.0, 1817.0, 0.04, 507.0, 510.0, 534.0, 2040.0, 2044.0, 2078.0
0.029940119760479042,1, 491.0, 2042.0, 0.04, 492.0, 482.0, 468.0, 2033.0, 2085.0, 2124.0
0.09613819705639245,1, 520.0, 1530.0, 0.03, 520.0, 511.0, 503.0, 1530.0, 1558.0, 1583.0
0.0664819944598338,1, 569.0, 1847.0, 0.051, 576.0, 541.0, 471.0, 1868.0, 1819.0, 1807.0
0.11904761904761904,2, 533.5, 1920.5, 0.0305, 533.5, 520.0, 511.0, 1920.5, 1929.5, 1940.0
0.34014806386840046,1, 536.0, 1863.0, 0.03, 536.0, 528.0, 521.0, 1863.0, 1862.0, 1859.0
0.21055693545331977,1, 560.0, 2181.0, 0.07, 564.0, 544.0, 518.0, 2175.0, 2155.0, 2109.0
0.08950545727963642,6, 503.8333333333333, 1720.3333333333333, 0.0365, 504.6666666666667, 500.3333333333333, 487.0, 1716.8333333333333, 1736.8333333333333, 1761.3333333333333
0.9985696771557009,2, 556.5, 1827.5, 0.0655, 563.0, 541.0, 507.0, 1847.5, 1830.5, 1894.0
0.43993552669005404,1, 532.0, 1851.0, 0.051, 543.0, 511.0, 477.0, 1825.0, 1935.0, 2079.0
0.9768518518518519,1, 514.0, 1710.0, 0.029, 514.0, 509.0, 503.0, 1710.0, 1724.0, 1739.0
0.9056603773584906,1, 591.0, 2034.0, 0.04, 591.0, 584.0, 564.0, 2028.0, 2069.0, 2077.0
0.08250825082508251,1, 511.0, 1817.0, 0.061, 510.0, 518.0, 520.0, 1785.0, 1870.0, 1900.0
0.1721311475409836,5, 517.6, 1963.8, 0.034, 510.2, 519.6, 532.4, 2034.0, 1891.8, 1727.8
0.09401709401709402,1, 513.0, 1656.0, 0.12, 507.0, 550.0, 530.0, 1652.0, 1645.0, 1715.0
0.002472799208704253,2, 536.0, 1788.5, 0.04, 536.5, 526.5, 509.5, 1782.5, 1827.0, 1852.0
0.5555555555555556,1, 529.0, 2095.0, 0.05, 532.0, 530.0, 521.0, 2091.0, 2102.0, 2121.0
0.044642857142857144,1, 546.0, 2081.0, 0.05, 551.0, 533.0, 516.0, 2089.0, 2065.0, 2058.0
0.7004124065641378,2, 509.5, 1957.5, 0.035, 510.0, 505.5, 500.5, 1957.5, 1951.5, 1932.0
0.003323262839879154,1, 579.0, 2218.0, 0.06, 592.0, 549.0, 503.0, 2236.0, 2217.0, 2160.0
0.0847457627118644,3, 544.3333333333334, 1931.3333333333333, 0.044000000000000004, 544.0, 541.6666666666666, 538.3333333333334, 1925.3333333333333, 1958.0, 1984.3333333333333
0.037286724927174365,2, 530.0, 1839.5, 0.04, 528.0, 531.5, 520.0, 1843.5, 1851.0, 1853.5
0.5286233530213539,2, 493.5, 1732.0, 0.045, 494.0, 481.5, 444.5, 1744.0, 1753.0, 1793.0
0.875,2, 562.0, 1816.5, 0.045, 544.0, 541.5, 532.0, 1792.0, 1799.0, 1803.0
0.9901960784313726,1, 665.0, 1591.0, 0.051, 677.0, 613.0, 540.0, 1574.0, 1614.0, 1607.0
0.007246376811594203,2, 615.5, 1939.5, 0.044, 618.5, 605.5, 581.0, 1946.5, 1917.5, 1879.5
0.9,1, 510.0, 2462.0, 0.03, 510.0, 509.0, 507.0, 2462.0, 2467.0, 2472.0
0.03986826139712255,1, 641.0, 1694.0, 0.07, 649.0, 598.0, 490.0, 1687.0, 1683.0, 1687.0
0.45454545454545453,3, 548.0, 1560.3333333333333, 0.037, 549.6666666666666, 545.0, 541.0, 1536.3333333333333, 1600.3333333333333, 1650.3333333333333
0.9915014164305949,1, 539.0, 1742.0, 0.05, 543.0, 499.0, 432.0, 1739.0, 1755.0, 1641.0
