0.0,1, 436.0, 2866.0, 0.11, 429.0, 449.0, 504.0, 2839.0, 2781.0, 2569.0
0.28797816531883524,117, 4.125940536196946, 21.039739937175835, 0.000999415589159179, 4.233764336328439, 4.035502958579881, 4.571042442837315, 21.026663744612463, 20.980568339542696, 19.302140404704506
1.0,2, 235.75, 1228.5, 0.055, 238.25, 230.0, 245.5, 1213.0, 1265.25, 1201.75
0.4949186991869919,4, 111.3125, 633.75, 0.023125, 111.375, 112.8125, 154.1875, 638.875, 618.8125, 542.25
0.07261164901661495,1, 393.0, 3068.0, 0.1, 382.0, 384.0, 349.0, 3116.0, 2868.0, 2615.0
0.989451476793249,8, 59.875, 316.953125, 0.014531249999999999, 60.46875, 60.0, 75.515625, 318.5625, 303.28125, 262.359375
0.16129032258064516,1, 452.0, 2652.0, 0.13, 452.0, 447.0, 435.0, 2616.0, 2669.0, 2235.0
0.20833333333333334,1, 463.0, 2721.0, 0.11, 467.0, 449.0, 445.0, 2684.0, 2792.0, 2477.0
0.3333333333333333,1, 437.0, 2425.0, 0.099, 458.0, 399.0, 404.0, 2406.0, 2464.0, 2109.0
0.4827586206896552,1, 507.0, 2507.0, 0.1, 509.0, 495.0, 459.0, 2493.0, 2561.0, 2116.0
0.26754289597142034,83, 5.813761068369865, 30.816373929452748, 0.001335897808099869, 5.905791842067064, 5.739294527507621, 5.917985193787197, 30.767600522572216, 30.08636957468428, 27.355929743068657
0.7746112594346588,6, 81.55555555555556, 421.8333333333333, 0.01913888888888889, 80.63888888888889, 80.55555555555556, 80.5, 418.1666666666667, 418.6111111111111, 378.3055555555556
0.11904761904761904,23, 19.412098298676746, 101.86578449905483, 0.0038884688090737246, 19.421550094517958, 19.748582230623818, 20.860113421550096, 102.51795841209831, 98.21928166351607, 91.48582230623819
0.4857142857142857,2, 199.0, 1123.5, 0.04725, 205.25, 190.75, 186.75, 1115.0, 1138.75, 1103.75
0.8685759145912924,5, 93.64, 505.96000000000004, 0.02036, 93.67999999999999, 94.0, 105.04, 502.03999999999996, 496.91999999999996, 424.64
0.5,2, 239.5, 1258.75, 0.0325, 241.0, 257.5, 385.0, 1262.5, 1158.25, 978.25
0.4473684210526316,17, 27.501730103806228, 140.80276816608995, 0.004913494809688583, 27.231833910034602, 27.60553633217993, 33.8961937716263, 141.82006920415225, 135.19723183391005, 126.20415224913495
0.3858168631654727,3, 155.44444444444443, 838.5555555555555, 0.03333333333333334, 153.88888888888889, 150.66666666666666, 142.22222222222223, 856.0, 852.1111111111112, 724.8888888888888
0.9324324324324325,8, 55.546875, 333.03125, 0.018078125, 55.9375, 55.40625, 70.828125, 332.0, 325.625, 300.453125
0.6666666666666666,2, 240.0, 1148.75, 0.04, 254.75, 250.75, 250.75, 1138.25, 1069.25, 814.75
0.037286724927174365,12, 36.24305555555556, 210.66666666666666, 0.007159722222222221, 36.854166666666664, 38.458333333333336, 39.34027777777778, 211.0, 198.74305555555554, 177.125
0.22993864229373032,2, 220.0, 1326.5, 0.05, 221.0, 220.5, 289.5, 1345.5, 1237.5, 1194.0
0.9901960784313726,15, 30.142222222222223, 173.11555555555555, 0.007319999999999999, 30.24888888888889, 32.83555555555556, 38.84, 173.0888888888889, 168.84888888888887, 151.04444444444442
0.3638457203316736,6, 72.52777777777779, 429.8333333333333, 0.017777777777777778, 71.69444444444444, 71.75, 71.75, 428.9166666666667, 416.47222222222223, 378.4444444444444
0.43993552669005404,2, 237.25, 1151.25, 0.04, 236.25, 241.25, 248.25, 1139.0, 1101.0, 934.0
0.06097560975609756,1, 369.0, 2620.0, 0.15, 369.0, 369.0, 380.0, 2626.0, 2566.0, 2468.0
0.9056603773584906,16, 27.9296875, 159.2421875, 0.004996093750000001, 28.71875, 28.5859375, 36.26953125, 162.84765625, 155.203125, 148.60546875
0.9199999999999999,10, 44.82, 243.75, 0.008480000000000001, 44.489999999999995, 45.68, 62.31, 241.79000000000002, 234.41, 220.41
0.03568369968598344,3, 168.33333333333334, 863.4444444444445, 0.03988888888888888, 167.0, 172.2222222222222, 175.11111111111111, 855.8888888888888, 862.1111111111112, 756.5555555555555
0.047573739295908656,5, 85.32000000000001, 504.08000000000004, 0.020800000000000003, 86.24, 84.84, 86.84, 492.52, 494.91999999999996, 413.52
0.4304347826086956,1, 413.0, 2469.0, 0.09, 389.0, 424.0, 425.0, 2413.0, 2459.0, 2106.0
0.4699356283782079,3, 147.88888888888889, 886.5555555555555, 0.0478888888888889, 148.88888888888889, 143.66666666666666, 144.44444444444443, 885.5555555555555, 889.0, 811.7777777777778
0.25,2, 246.25, 1264.75, 0.052500000000000005, 247.75, 246.0, 262.25, 1259.5, 1253.0, 1153.75
0.004,3, 154.55555555555557, 778.8888888888888, 0.029888888888888892, 153.77777777777777, 156.11111111111111, 298.0, 784.7777777777778, 763.2222222222222, 858.0
0.8583333333333334,2, 227.25, 1236.25, 0.0505, 228.5, 218.75, 494.75, 1222.25, 1261.0, 1281.25
0.9558498896247241,2, 215.25, 1274.75, 0.06525, 218.25, 211.75, 226.25, 1267.75, 1311.5, 1117.5
0.851063829787234,2, 230.25, 1191.0, 0.052750000000000005, 236.0, 221.0, 445.0, 1207.0, 1181.5, 1179.0
0.0461236316271587,2, 190.0, 1199.0, 0.0675, 192.25, 189.0, 178.5, 1199.25, 1185.75, 1083.0
0.09613819705639245,1, 490.0, 2205.0, 0.08, 502.0, 517.0, 513.0, 2226.0, 2200.0, 2202.0
0.9,18, 23.336419753086417, 141.6820987654321, 0.006234567901234568, 23.496913580246915, 23.287037037037038, 27.07716049382716, 141.3672839506173, 138.32716049382714, 120.6820987654321
0.21055693545331977,4, 123.375, 626.9375, 0.0425625, 123.5625, 122.25, 120.4375, 622.8125, 636.6875, 589.5
0.09732706075762634,2, 217.0, 1134.5, 0.057499999999999996, 220.75, 217.75, 245.25, 1129.0, 1138.5, 1070.25
0.39601850516956444,4, 118.3125, 629.3125, 0.024375, 122.6875, 120.625, 125.6875, 706.5, 661.375, 608.8125
0.3975563909774436,2, 259.25, 1160.0, 0.07025, 262.75, 247.75, 242.75, 1144.0, 1202.0, 1169.75
0.21524064171122995,1, 489.0, 2259.0, 0.12, 482.0, 508.0, 531.0, 2254.0, 2231.0, 2198.0
0.08950545727963642,65, 6.89491124260355, 40.45775147928994, 0.0014887573964497047, 7.064852071005917, 6.82887573964497, 8.595976331360948, 40.3287573964497, 39.075029585798816, 34.64899408284024
0.06573290878638645,1, 466.0, 2424.0, 0.099, 439.0, 427.0, 1500.0, 2791.0, 2625.0, 3467.0
0.9985696771557009,5, 92.28, 501.8, 0.022080000000000002, 92.2, 93.12, 125.2, 502.71999999999997, 490.28000000000003, 448.03999999999996
0.9768518518518519,5, 86.76, 510.56000000000006, 0.018440000000000005, 86.0, 88.8, 93.08, 520.96, 484.71999999999997, 431.91999999999996
0.2582808742897702,3, 148.11111111111111, 752.2222222222222, 0.03333333333333334, 151.0, 142.55555555555557, 148.77777777777777, 753.0, 733.0, 608.2222222222223
0.4888888888888889,6, 73.86111111111111, 427.6944444444444, 0.01938888888888889, 74.47222222222221, 73.27777777777779, 73.66666666666667, 426.4166666666667, 425.0555555555556, 394.3333333333333
0.20978831347592225,3, 156.11111111111111, 897.7777777777778, 0.035555555555555556, 155.11111111111111, 153.77777777777777, 225.55555555555554, 897.1111111111112, 865.4444444444445, 745.6666666666666
0.09401709401709402,3, 163.77777777777777, 893.1111111111112, 0.030000000000000002, 161.88888888888889, 165.11111111111111, 160.44444444444443, 896.1111111111112, 808.6666666666666, 664.3333333333334
0.018518518518518517,2, 238.25, 1364.75, 0.06475, 242.75, 232.75, 827.25, 1361.5, 1275.5, 1483.75
0.002472799208704253,14, 33.63775510204082, 179.87244897959184, 0.00817857142857143, 33.60204081632653, 33.86734693877551, 36.765306122448976, 178.64795918367346, 176.55102040816328, 154.93367346938774
0.5555555555555556,1, 430.0, 2585.0, 0.081, 446.0, 422.0, 493.0, 2587.0, 2512.0, 2414.0
0.7004124065641378,1, 438.0, 2676.0, 0.119, 445.0, 415.0, 407.0, 2668.0, 2699.0, 2504.0
0.7252567693744165,8, 54.609375, 323.390625, 0.013578124999999998, 54.46875, 54.015625, 64.234375, 325.46875, 310.5625, 289.15625
0.5591230662924629,6, 78.30555555555556, 418.47222222222223, 0.021083333333333332, 78.33333333333333, 79.66666666666667, 91.72222222222223, 419.47222222222223, 405.0, 396.0555555555556
0.003323262839879154,1, 489.0, 2272.0, 0.12, 501.0, 443.0, 495.0, 2242.0, 2361.0, 2306.0
0.5714285714285714,3, 142.11111111111111, 842.3333333333334, 0.04777777777777778, 143.77777777777777, 139.11111111111111, 139.44444444444443, 836.5555555555555, 832.1111111111112, 788.3333333333334
0.5286233530213539,1, 478.0, 2147.0, 0.109, 482.0, 469.0, 486.0, 2167.0, 2054.0, 1966.0
0.0054466230936819175,6, 69.05555555555556, 407.6111111111111, 0.022472222222222223, 70.08333333333333, 69.88888888888889, 81.5, 404.6666666666667, 404.6666666666667, 383.3888888888889
0.875,1, 527.0, 2360.0, 0.12, 539.0, 479.0, 461.0, 2305.0, 1646.0, 1862.0
0.05963228348710511,3, 139.77777777777777, 823.8888888888888, 0.030000000000000002, 143.66666666666666, 139.66666666666666, 166.0, 825.1111111111112, 822.5555555555555, 717.6666666666666
0.016722408026755852,1, 514.0, 2681.0, 0.119, 513.0, 513.0, 511.0, 2683.0, 2680.0, 2764.0
0.41485001407712074,1, 509.0, 2455.0, 0.09, 506.0, 509.0, 484.0, 2462.0, 2439.0, 2464.0
0.45454545454545453,11, 41.917355371900825, 221.65289256198346, 0.011652892561983473, 42.082644628099175, 42.48760330578512, 43.413223140495866, 221.17355371900828, 219.38842975206614, 204.15702479338842
0.06119523026890933,9, 48.28395061728395, 286.3703703703704, 0.012111111111111109, 48.77777777777778, 46.32098765432099, 51.901234567901234, 283.58024691358025, 279.03703703703707, 266.0617283950617
0.051490514905149054,1, 489.0, 2599.0, 0.141, 488.0, 423.0, 436.0, 2571.0, 2598.0, 2085.0
