0.0,1, 624.0, 1043.0, 0.03, 624.0, 623.0, 620.0, 1043.0, 1021.0, 1002.0
0.28797816531883524,29, 20.78834720570749, 42.504161712247324, 0.0011391200951248515, 21.300832342449468, 21.317479191438764, 21.09036860879905, 43.73959571938169, 42.17954815695601, 40.6397146254459
0.02082912411450186,6, 114.0, 234.55555555555554, 0.006138888888888889, 113.1388888888889, 117.44444444444444, 120.02777777777777, 235.41666666666666, 232.58333333333334, 228.7222222222222
0.43643745749829993,1, 585.0, 1181.0, 0.04, 589.0, 582.0, 597.0, 1192.0, 1149.0, 1123.0
0.4949186991869919,5, 113.35999999999999, 267.36, 0.007200000000000001, 113.08, 115.52000000000001, 116.72, 269.04, 253.92, 241.16
1.0,1, 649.0, 1149.0, 0.03, 649.0, 643.0, 633.0, 1149.0, 1124.0, 1103.0
0.07261164901661495,2, 281.5, 568.0, 0.01525, 281.5, 279.25, 278.5, 568.0, 551.0, 540.75
0.9056603773584906,8, 90.453125, 172.515625, 0.00375, 90.453125, 89.71875, 88.484375, 172.515625, 170.015625, 167.921875
0.20833333333333334,1, 571.0, 1117.0, 0.03, 571.0, 575.0, 577.0, 1117.0, 1097.0, 1076.0
0.4827586206896552,2, 299.0, 529.75, 0.02525, 292.5, 306.0, 307.5, 561.5, 488.25, 459.5
0.26754289597142034,6, 100.33333333333333, 228.44444444444446, 0.00525, 100.25, 101.52777777777777, 102.25, 229.16666666666666, 229.30555555555554, 229.0
0.11904761904761904,5, 116.88, 233.6, 0.0064, 116.92, 117.04, 116.92, 233.95999999999998, 227.88000000000002, 223.56
0.23226773226773229,4, 155.8125, 366.875, 0.00825, 155.75, 156.8125, 157.1875, 367.3125, 356.4375, 344.875
0.7746112594346588,4, 158.25, 305.3125, 0.0079375, 157.875, 159.8125, 161.0, 306.4375, 296.8125, 294.125
0.11518225545177777,4, 148.1875, 261.0, 0.011937500000000002, 145.9375, 152.9375, 153.375, 265.0625, 242.0625, 220.375
0.4473684210526316,29, 21.11177170035672, 42.7384066587396, 0.001397146254458978, 21.03804994054697, 21.174791914387633, 20.963139120095125, 43.00832342449465, 42.03091557669441, 41.901307966706305
0.8685759145912924,4, 159.0625, 298.8125, 0.007375, 159.0625, 159.125, 158.8125, 298.8125, 290.0625, 282.0625
0.3858168631654727,1, 541.0, 1041.0, 0.03, 541.0, 538.0, 535.0, 1041.0, 1023.0, 1006.0
0.6666666666666666,1, 623.0, 1144.0, 0.03, 623.0, 625.0, 625.0, 1144.0, 1115.0, 1088.0
0.037286724927174365,5, 143.8, 256.91999999999996, 0.006, 143.76, 140.4, 136.76, 256.91999999999996, 255.24, 254.04000000000002
0.9901960784313726,3, 259.55555555555554, 470.4444444444444, 0.012222222222222225, 258.88888888888886, 254.2222222222222, 249.2222222222222, 472.5555555555556, 448.77777777777777, 430.6666666666667
0.7529680365296804,2, 448.5, 870.75, 0.017750000000000002, 444.75, 459.25, 442.0, 864.25, 902.5, 874.75
0.3638457203316736,9, 65.98765432098766, 144.1358024691358, 0.003950617283950617, 65.49382716049382, 66.76543209876543, 67.35802469135803, 145.1358024691358, 138.79012345679013, 131.5679012345679
0.43993552669005404,1, 538.0, 1494.0, 0.029, 538.0, 538.0, 539.0, 1494.0, 1506.0, 1518.0
0.01825117263784198,1, 589.0, 1113.0, 0.03, 589.0, 589.0, 588.0, 1113.0, 1034.0, 1002.0
0.9199999999999999,5, 121.75999999999999, 243.68, 0.007320000000000002, 121.52000000000001, 120.72, 119.2, 245.51999999999998, 236.71999999999997, 229.11999999999998
0.16866374487131666,3, 166.44444444444443, 366.1111111111111, 0.01, 166.33333333333334, 167.55555555555557, 168.66666666666666, 366.1111111111111, 361.5555555555556, 356.5555555555556
0.03568369968598344,3, 191.44444444444446, 456.22222222222223, 0.013333333333333334, 191.0, 192.66666666666666, 187.44444444444446, 460.4444444444444, 424.77777777777777, 394.6666666666667
0.047573739295908656,7, 84.71428571428571, 165.83673469387756, 0.00426530612244898, 84.71428571428571, 85.0204081632653, 85.06122448979592, 165.83673469387756, 162.69387755102042, 159.67346938775512
0.3169086541174173,1, 537.0, 1118.0, 0.04, 539.0, 532.0, 532.0, 1131.0, 1058.0, 1031.0
0.25,2, 296.5, 626.5, 0.015, 296.5, 308.25, 318.0, 626.5, 663.75, 703.5
0.24169246646026832,1, 660.0, 1454.0, 0.031, 660.0, 642.0, 631.0, 1454.0, 1438.0, 1401.0
0.004,1, 520.0, 1117.0, 0.03, 520.0, 524.0, 528.0, 1117.0, 1101.0, 1097.0
0.8189551750463518,1, 565.0, 1102.0, 0.03, 565.0, 567.0, 567.0, 1102.0, 1063.0, 1028.0
0.029940119760479042,1, 554.0, 1241.0, 0.049, 575.0, 553.0, 550.0, 1359.0, 974.0, 944.0
0.851063829787234,1, 555.0, 1549.0, 0.05, 544.0, 561.0, 669.0, 1607.0, 1459.0, 1611.0
0.0461236316271587,1, 571.0, 1360.0, 0.06, 551.0, 603.0, 624.0, 1476.0, 1099.0, 687.0
0.9558498896247241,2, 260.5, 510.5, 0.01475, 260.25, 258.5, 256.5, 510.5, 493.5, 477.75
0.9768518518518519,2, 308.0, 645.75, 0.01475, 308.0, 303.75, 301.75, 645.75, 628.5, 607.25
0.21055693545331977,1, 593.0, 1303.0, 0.04, 590.0, 609.0, 611.0, 1315.0, 1212.0, 1112.0
0.8166666666666667,5, 128.8, 230.24, 0.0076, 128.04000000000002, 125.92, 123.52000000000001, 231.0, 223.44, 216.32
0.39601850516956444,1, 521.0, 1267.0, 0.04, 521.0, 527.0, 535.0, 1279.0, 1181.0, 1096.0
0.3975563909774436,5, 112.55999999999999, 240.68, 0.009559999999999999, 112.08, 114.04, 115.2, 244.48000000000002, 234.04000000000002, 228.48000000000002
0.21524064171122995,3, 199.44444444444446, 465.77777777777777, 0.015555555555555557, 207.55555555555554, 221.55555555555554, 225.11111111111111, 529.7777777777777, 514.1111111111111, 522.0
0.9886561954624782,1, 596.0, 1215.0, 0.039, 590.0, 626.0, 653.0, 1225.0, 1156.0, 1074.0
0.14556962025316456,1, 559.0, 1203.0, 0.03, 559.0, 562.0, 565.0, 1203.0, 1192.0, 1177.0
0.06573290878638645,7, 93.75510204081634, 157.0204081632653, 0.004306122448979591, 93.75510204081634, 90.34693877551021, 87.06122448979592, 157.0204081632653, 153.69387755102042, 150.77551020408163
0.9985696771557009,1, 904.0, 1434.0, 0.031, 904.0, 877.0, 837.0, 1434.0, 1431.0, 1398.0
0.2582808742897702,3, 223.88888888888889, 455.3333333333333, 0.01011111111111111, 229.55555555555554, 226.0, 222.55555555555554, 462.5555555555556, 455.4444444444444, 452.5555555555556
0.08250825082508251,2, 274.75, 632.25, 0.015, 274.75, 275.75, 276.5, 632.25, 618.5, 608.25
0.1721311475409836,3, 190.55555555555554, 376.0, 0.012111111111111112, 189.66666666666666, 193.33333333333334, 193.2222222222222, 377.1111111111111, 368.3333333333333, 362.5555555555556
0.01737228245385574,1, 576.0, 1236.0, 0.03, 576.0, 573.0, 568.0, 1236.0, 1190.0, 1145.0
0.0662940654052643,1, 533.0, 1316.0, 0.03, 533.0, 531.0, 531.0, 1316.0, 1305.0, 1290.0
0.018518518518518517,4, 151.125, 269.375, 0.008812500000000001, 150.3125, 150.4375, 149.125, 273.5625, 264.9375, 267.625
0.002472799208704253,1, 546.0, 1608.0, 0.029, 546.0, 548.0, 551.0, 1608.0, 1600.0, 1591.0
0.7004124065641378,1, 560.0, 1206.0, 0.04, 559.0, 564.0, 560.0, 1212.0, 1170.0, 1143.0
0.08950545727963642,1, 559.0, 1066.0, 0.03, 559.0, 558.0, 555.0, 1066.0, 1043.0, 1044.0
0.044642857142857144,1, 607.0, 1095.0, 0.03, 607.0, 599.0, 588.0, 1095.0, 1088.0, 1088.0
0.5591230662924629,4, 153.375, 313.25, 0.0099375, 152.75, 150.9375, 143.875, 316.5625, 306.3125, 313.0625
0.003323262839879154,3, 197.88888888888889, 353.3333333333333, 0.01, 198.0, 192.7777777777778, 188.33333333333334, 353.3333333333333, 340.3333333333333, 331.0
0.0847457627118644,2, 293.0, 670.5, 0.0245, 291.25, 292.75, 286.0, 691.75, 622.5, 585.5
0.9090909090909091,1, 640.0, 1127.0, 0.03, 640.0, 637.0, 632.0, 1127.0, 1109.0, 1088.0
0.20978831347592225,3, 188.0, 409.1111111111111, 0.011222222222222224, 188.0, 187.0, 185.2222222222222, 410.3333333333333, 389.5555555555556, 384.77777777777777
0.8914565826330532,3, 193.88888888888889, 297.55555555555554, 0.011222222222222224, 193.2222222222222, 197.7777777777778, 198.11111111111111, 299.11111111111114, 298.0, 302.88888888888886
0.5714285714285714,1, 621.0, 1286.0, 0.03, 621.0, 627.0, 629.0, 1286.0, 1234.0, 1181.0
0.5286233530213539,2, 310.25, 635.5, 0.0175, 310.25, 314.5, 322.75, 638.5, 597.0, 557.5
0.5,2, 265.5, 642.75, 0.02, 264.75, 269.75, 279.5, 660.5, 613.5, 596.0
0.6976981351981353,2, 315.5, 559.0, 0.015, 315.25, 313.0, 313.0, 559.0, 547.25, 532.25
0.4888888888888889,1, 548.0, 1396.0, 0.03, 548.0, 547.0, 545.0, 1396.0, 1360.0, 1325.0
0.007246376811594203,4, 155.6875, 318.125, 0.01, 155.25, 155.875, 154.25, 320.8125, 304.75, 294.0
0.41485001407712074,1, 567.0, 989.0, 0.03, 567.0, 569.0, 566.0, 989.0, 976.0, 969.0
0.03986826139712255,9, 65.33333333333333, 141.85185185185185, 0.0044320987654320985, 65.18518518518518, 65.51851851851852, 65.51851851851852, 144.92592592592592, 133.69135802469134, 121.81481481481481
0.06119523026890933,2, 299.25, 776.25, 0.02275, 289.0, 316.0, 337.25, 792.5, 729.0, 678.25
0.051490514905149054,1, 553.0, 1508.0, 0.029, 553.0, 555.0, 562.0, 1508.0, 1494.0, 1453.0
