0.0,1, 728.0, 1689.0, 0.03, 728.0, 741.0, 746.0, 1689.0, 1683.0, 1672.0
0.28797816531883524,25, 25.275199999999998, 72.48479999999999, 0.0014256000000000004, 25.2848, 25.2496, 25.4384, 72.64479999999999, 71.64479999999999, 71.6208
0.02082912411450186,6, 100.3888888888889, 265.30555555555554, 0.009416666666666665, 100.47222222222223, 95.02777777777777, 93.0, 267.0833333333333, 266.36111111111114, 263.55555555555554
0.43643745749829993,1, 670.0, 1877.0, 0.03, 670.0, 661.0, 654.0, 1877.0, 1813.0, 1760.0
0.4949186991869919,4, 174.5, 449.0625, 0.0111875, 172.6875, 177.8125, 177.5625, 451.1875, 431.5, 413.875
1.0,1, 917.0, 1600.0, 0.1, 916.0, 917.0, 909.0, 1623.0, 1567.0, 1571.0
0.07261164901661495,2, 378.75, 784.25, 0.0275, 380.25, 374.25, 380.0, 790.25, 777.5, 840.0
0.9056603773584906,8, 81.25, 242.03125, 0.005484375, 81.546875, 82.6875, 81.125, 245.109375, 241.953125, 241.21875
0.20833333333333334,1, 469.0, 2282.0, 0.03, 469.0, 473.0, 477.0, 2281.0, 2296.0, 2305.0
0.4827586206896552,2, 359.75, 862.25, 0.02225, 362.5, 352.0, 337.5, 866.0, 854.5, 855.0
0.26754289597142034,4, 155.4375, 481.375, 0.010625, 155.9375, 154.375, 149.875, 481.0, 478.3125, 477.8125
0.11904761904761904,5, 152.72, 339.32, 0.01088, 154.04000000000002, 153.8, 147.0, 355.56, 346.4, 343.24
0.23226773226773229,4, 173.1875, 434.4375, 0.011875, 172.6875, 173.875, 173.5, 434.4375, 432.125, 426.5625
0.7746112594346588,3, 258.6666666666667, 575.5555555555555, 0.015444444444444446, 256.0, 262.11111111111114, 263.11111111111114, 582.2222222222223, 568.2222222222223, 555.6666666666666
0.11518225545177777,4, 172.75, 442.875, 0.010125, 173.0625, 170.25, 163.75, 445.1875, 438.625, 439.9375
0.4473684210526316,19, 35.254847645429365, 96.13296398891967, 0.0022022160664819947, 35.28808864265928, 35.05263157894737, 35.2797783933518, 97.56786703601108, 97.35734072022161, 97.65927977839335
0.8685759145912924,1, 581.0, 1963.0, 0.04, 578.0, 597.0, 594.0, 1963.0, 2023.0, 2120.0
0.3858168631654727,1, 799.0, 1673.0, 0.03, 799.0, 815.0, 833.0, 1673.0, 1663.0, 1655.0
0.037286724927174365,5, 137.12, 366.4, 0.011240000000000002, 136.68, 137.16, 134.6, 367.4, 362.24, 361.68
0.9901960784313726,2, 311.5, 836.0, 0.02225, 311.5, 313.75, 311.5, 849.0, 800.0, 762.5
0.7529680365296804,2, 350.75, 895.5, 0.0325, 348.75, 350.5, 343.0, 904.0, 876.0, 889.25
0.3638457203316736,5, 135.28, 355.91999999999996, 0.009600000000000001, 134.95999999999998, 136.88, 136.6, 356.48, 353.68, 348.08000000000004
0.43993552669005404,1, 551.0, 2240.0, 0.04, 552.0, 532.0, 505.0, 2233.0, 2282.0, 2306.0
0.01825117263784198,1, 668.0, 1865.0, 0.06, 666.0, 672.0, 653.0, 1887.0, 1788.0, 1604.0
0.9199999999999999,4, 171.6875, 473.4375, 0.0250625, 172.4375, 168.125, 164.25, 473.375, 472.125, 474.75
0.16866374487131666,3, 242.0, 561.5555555555555, 0.01, 242.11111111111111, 247.55555555555554, 253.11111111111111, 561.5555555555555, 556.2222222222223, 551.7777777777777
0.03568369968598344,3, 251.88888888888889, 519.1111111111111, 0.035555555555555556, 256.6666666666667, 248.66666666666666, 241.2222222222222, 546.2222222222223, 504.3333333333333, 511.0
0.047573739295908656,7, 101.79591836734694, 258.0612244897959, 0.0050408163265306125, 101.61224489795919, 101.55102040816327, 96.81632653061224, 257.9591836734694, 252.48979591836732, 245.65306122448982
0.3169086541174173,1, 692.0, 1994.0, 0.03, 692.0, 699.0, 705.0, 1994.0, 1967.0, 1939.0
0.24169246646026832,1, 629.0, 2126.0, 0.03, 629.0, 647.0, 665.0, 2126.0, 2116.0, 2108.0
0.8189551750463518,1, 735.0, 1487.0, 0.099, 729.0, 732.0, 678.0, 1513.0, 1434.0, 1569.0
0.029940119760479042,1, 563.0, 2104.0, 0.03, 563.0, 565.0, 567.0, 2104.0, 2099.0, 2097.0
0.851063829787234,1, 628.0, 1608.0, 0.071, 619.0, 647.0, 623.0, 1640.0, 1565.0, 1532.0
0.0461236316271587,1, 662.0, 1560.0, 0.03, 662.0, 667.0, 670.0, 1560.0, 1547.0, 1550.0
0.9558498896247241,2, 278.0, 929.25, 0.01725, 277.75, 278.25, 278.5, 931.0, 914.25, 900.0
0.9768518518518519,2, 326.5, 972.0, 0.02, 328.25, 326.5, 327.5, 985.5, 942.5, 910.25
0.21055693545331977,1, 608.0, 1556.0, 0.05, 608.0, 615.0, 639.0, 1583.0, 1498.0, 1400.0
0.8166666666666667,4, 166.1875, 489.625, 0.0075625, 168.4375, 169.375, 170.5, 518.1875, 509.6875, 494.5
0.3975563909774436,5, 132.44, 333.15999999999997, 0.010400000000000001, 134.0, 135.2, 153.12, 342.56, 349.32, 364.52
0.21524064171122995,3, 233.7777777777778, 505.0, 0.025666666666666667, 236.0, 222.2222222222222, 215.33333333333334, 519.8888888888889, 478.4444444444444, 497.6666666666667
0.9886561954624782,1, 655.0, 2189.0, 0.049, 654.0, 655.0, 643.0, 2186.0, 2213.0, 2295.0
0.14556962025316456,1, 743.0, 2042.0, 0.03, 743.0, 749.0, 753.0, 2042.0, 2036.0, 2023.0
0.06573290878638645,4, 189.5625, 394.375, 0.00875, 189.125, 194.0625, 199.375, 395.0, 388.0, 381.125
0.9985696771557009,1, 671.0, 2073.0, 0.03, 671.0, 679.0, 686.0, 2073.0, 2073.0, 2075.0
0.2582808742897702,3, 182.33333333333334, 692.6666666666666, 0.009888888888888888, 182.33333333333334, 183.0, 184.2222222222222, 692.7777777777778, 686.3333333333334, 679.8888888888889
0.08250825082508251,2, 264.75, 1014.25, 0.017750000000000002, 265.0, 260.25, 256.25, 1019.75, 987.0, 976.0
0.1721311475409836,3, 220.66666666666666, 556.8888888888889, 0.013333333333333334, 221.66666666666666, 216.33333333333334, 201.11111111111111, 561.7777777777777, 529.1111111111111, 508.1111111111111
0.01737228245385574,1, 536.0, 2042.0, 0.04, 534.0, 548.0, 559.0, 2044.0, 2026.0, 2006.0
0.0662940654052643,1, 594.0, 2006.0, 0.029, 594.0, 592.0, 590.0, 2006.0, 1996.0, 1987.0
0.018518518518518517,3, 240.7777777777778, 586.1111111111111, 0.014444444444444446, 239.33333333333334, 242.44444444444446, 240.2222222222222, 585.8888888888889, 577.7777777777777, 574.7777777777777
0.002472799208704253,1, 666.0, 1706.0, 0.05, 653.0, 647.0, 595.0, 1640.0, 1686.0, 1697.0
0.08950545727963642,1, 596.0, 1841.0, 0.039, 596.0, 591.0, 587.0, 1858.0, 1747.0, 1679.0
0.044642857142857144,1, 742.0, 1557.0, 0.11, 757.0, 714.0, 711.0, 1586.0, 1502.0, 1511.0
0.5591230662924629,4, 167.375, 409.6875, 0.01375, 165.5, 166.125, 155.75, 415.8125, 400.625, 403.5
0.003323262839879154,2, 351.0, 822.0, 0.03225, 347.0, 356.25, 365.25, 840.5, 786.0, 745.5
0.0847457627118644,2, 346.75, 861.75, 0.03275, 345.5, 339.0, 312.25, 862.75, 854.0, 860.75
0.9090909090909091,1, 725.0, 1602.0, 0.049, 704.0, 736.0, 703.0, 1634.0, 1560.0, 1524.0
0.20978831347592225,2, 282.0, 717.75, 0.0145, 282.0, 282.5, 284.75, 717.75, 706.0, 692.5
0.8914565826330532,3, 202.55555555555554, 621.4444444444445, 0.012222222222222223, 202.44444444444446, 203.33333333333334, 205.66666666666666, 622.7777777777777, 613.2222222222223, 601.5555555555555
0.5714285714285714,1, 650.0, 1583.0, 0.069, 640.0, 637.0, 572.0, 1626.0, 1534.0, 1527.0
0.5286233530213539,2, 368.75, 912.75, 0.0195, 370.75, 366.0, 359.25, 917.5, 896.5, 868.75
0.5,2, 349.25, 898.0, 0.044750000000000005, 348.0, 351.75, 342.75, 921.25, 817.25, 833.5
0.6976981351981353,2, 275.0, 876.5, 0.01475, 274.5, 274.75, 275.0, 874.25, 856.0, 838.0
0.4888888888888889,1, 639.0, 1883.0, 0.03, 639.0, 638.0, 636.0, 1883.0, 1843.0, 1797.0
0.007246376811594203,4, 179.8125, 393.5, 0.010625, 178.5625, 182.5, 185.25, 399.0, 379.875, 371.9375
0.41485001407712074,1, 584.0, 1731.0, 0.04, 584.0, 578.0, 573.0, 1740.0, 1687.0, 1672.0
0.03986826139712255,9, 71.24691358024691, 215.80246913580245, 0.004679012345679013, 71.41975308641976, 72.55555555555556, 79.1358024691358, 216.48148148148147, 212.2469135802469, 213.1358024691358
0.06119523026890933,2, 269.75, 878.5, 0.02475, 279.0, 274.25, 295.5, 930.25, 937.5, 947.0
0.051490514905149054,1, 649.0, 1479.0, 0.031, 670.0, 676.0, 679.0, 1535.0, 1474.0, 1432.0
