0.0,5, 112.92, 374.71999999999997, 0.009519999999999999, 113.12, 116.92, 122.2, 380.15999999999997, 389.08000000000004, 365.91999999999996
0.26754289597142034,16, 37.62890625, 121.67578125, 0.003718750000000001, 37.83203125, 36.64453125, 39.0234375, 120.65234375, 118.49609375, 118.11328125
0.28797816531883524,32, 18.4228515625, 62.3232421875, 0.0022353515625000006, 18.5439453125, 18.4296875, 17.72265625, 62.02734375, 63.1728515625, 61.0634765625
1.0,2, 275.75, 780.75, 0.025, 280.75, 274.25, 287.0, 774.0, 798.0, 784.0
0.07261164901661495,3, 189.55555555555554, 564.1111111111111, 0.017777777777777778, 191.7777777777778, 183.44444444444446, 182.7777777777778, 561.7777777777777, 563.2222222222223, 526.5555555555555
0.4827586206896552,1, 491.0, 2033.0, 0.059, 510.0, 487.0, 506.0, 1974.0, 2119.0, 2248.0
0.11904761904761904,23, 24.52930056710775, 84.19281663516068, 0.0023837429111531194, 24.735349716446127, 24.741020793950852, 25.880907372400756, 84.11342155009451, 84.06805293005671, 81.1398865784499
0.23226773226773229,1, 658.0, 1523.0, 0.03, 658.0, 655.0, 652.0, 1523.0, 1506.0, 1486.0
0.4473684210526316,13, 41.5680473372781, 138.1715976331361, 0.002775147928994084, 41.62130177514793, 41.35502958579882, 42.37278106508875, 138.0532544378698, 139.3491124260355, 139.88757396449702
0.5,2, 273.75, 962.5, 0.0155, 273.75, 275.5, 280.0, 962.5, 972.5, 986.25
0.9056603773584906,10, 56.89, 200.52, 0.00489, 57.120000000000005, 56.54, 57.029999999999994, 200.48, 200.89000000000001, 201.1
0.3858168631654727,3, 176.0, 625.5555555555555, 0.015555555555555557, 174.7777777777778, 176.66666666666666, 183.33333333333334, 615.2222222222223, 645.7777777777777, 626.4444444444445
0.9324324324324325,5, 112.92, 409.08000000000004, 0.01284, 113.55999999999999, 111.84, 110.12, 402.56, 414.56000000000006, 401.32
0.6666666666666666,4, 146.0625, 449.25, 0.0086875, 147.1875, 142.25, 136.875, 446.4375, 447.5, 439.8125
0.037286724927174365,9, 63.71604938271605, 203.74074074074076, 0.005444444444444445, 64.03703703703704, 63.35802469135802, 64.46913580246913, 203.39506172839506, 203.58024691358025, 197.90123456790124
0.22993864229373032,1, 570.0, 2279.0, 0.06, 566.0, 569.0, 533.0, 2238.0, 2345.0, 2483.0
0.3638457203316736,5, 109.67999999999999, 478.32, 0.01476, 111.4, 108.55999999999999, 108.52000000000001, 460.96000000000004, 484.43999999999994, 448.0
0.20978831347592225,5, 125.75999999999999, 408.44, 0.01284, 126.96, 124.28, 117.24000000000001, 399.68, 419.2, 410.76000000000005
0.9,8, 68.28125, 228.96875, 0.011406250000000001, 68.578125, 67.453125, 72.421875, 228.671875, 226.4375, 226.078125
0.989451476793249,5, 106.4, 441.52, 0.025160000000000005, 107.64000000000001, 103.0, 159.32, 434.2, 429.0, 436.4
0.43993552669005404,2, 298.5, 1026.75, 0.017750000000000002, 298.75, 299.75, 299.75, 1023.0, 1059.25, 1094.25
0.8685759145912924,4, 129.6875, 578.625, 0.022499999999999996, 132.0625, 132.875, 185.1875, 575.375, 580.3125, 599.125
0.25,1, 562.0, 2093.0, 0.03, 562.0, 557.0, 552.0, 2093.0, 2119.0, 2148.0
0.8189551750463518,1, 523.0, 2058.0, 0.04, 524.0, 516.0, 576.0, 2048.0, 2132.0, 2245.0
0.03540179922937689,1, 515.0, 2000.0, 0.04, 515.0, 508.0, 506.0, 2000.0, 2075.0, 2167.0
0.0461236316271587,1, 477.0, 2190.0, 0.079, 466.0, 510.0, 462.0, 2108.0, 2280.0, 2043.0
0.9768518518518519,1, 522.0, 2310.0, 0.04, 526.0, 517.0, 595.0, 2302.0, 2360.0, 2370.0
0.4304347826086956,2, 300.0, 965.5, 0.04225, 299.5, 304.75, 305.75, 958.75, 949.75, 961.0
0.09732706075762634,1, 518.0, 2116.0, 0.031, 518.0, 512.0, 512.0, 2116.0, 2125.0, 2132.0
0.9901960784313726,6, 96.75, 345.77777777777777, 0.011388888888888886, 97.83333333333333, 97.72222222222223, 105.80555555555556, 340.27777777777777, 345.02777777777777, 332.0
0.3975563909774436,2, 254.0, 981.0, 0.06, 257.25, 244.25, 247.25, 965.75, 1042.5, 950.75
0.21524064171122995,1, 510.0, 1984.0, 0.041, 510.0, 510.0, 510.0, 1981.0, 1988.0, 1982.0
0.14556962025316456,11, 47.87603305785124, 161.4214876033058, 0.0053801652892562, 49.933884297520656, 47.66942148760331, 47.32231404958677, 163.41322314049586, 160.5206611570248, 154.3305785123967
0.06573290878638645,2, 332.5, 1103.0, 0.01525, 332.5, 337.25, 340.5, 1102.75, 1105.75, 1104.0
0.2582808742897702,1, 542.0, 2001.0, 0.071, 543.0, 537.0, 569.0, 1949.0, 1996.0, 1800.0
0.08250825082508251,1, 548.0, 2242.0, 0.08, 545.0, 565.0, 534.0, 2198.0, 2293.0, 2229.0
0.853299856527977,1, 606.0, 1527.0, 0.029, 606.0, 604.0, 602.0, 1527.0, 1514.0, 1497.0
0.0662940654052643,1, 522.0, 1923.0, 0.08, 565.0, 498.0, 576.0, 2114.0, 2630.0, 2914.0
0.018518518518518517,1, 512.0, 1480.0, 0.03, 512.0, 503.0, 493.0, 1480.0, 1504.0, 1515.0
0.9199999999999999,1, 496.0, 1855.0, 0.03, 496.0, 492.0, 481.0, 1855.0, 1823.0, 1782.0
0.7004124065641378,1, 497.0, 2004.0, 0.049, 488.0, 547.0, 610.0, 2016.0, 1958.0, 1888.0
0.5591230662924629,2, 279.5, 935.0, 0.0325, 282.0, 274.25, 266.5, 926.25, 930.5, 881.75
0.047573739295908656,2, 270.75, 1001.0, 0.0225, 271.75, 272.5, 281.5, 1002.5, 992.25, 952.25
0.0847457627118644,6, 86.44444444444444, 381.8611111111111, 0.00811111111111111, 86.41666666666667, 92.55555555555556, 95.6388888888889, 379.8611111111111, 386.22222222222223, 380.8611111111111
0.8914565826330532,2, 311.5, 1105.0, 0.0155, 311.5, 309.5, 308.0, 1105.0, 1111.5, 1116.0
0.016722408026755852,1, 581.0, 2113.0, 0.05, 576.0, 593.0, 589.0, 2053.0, 2170.0, 2210.0
0.007246376811594203,2, 281.25, 1229.25, 0.04, 285.75, 275.75, 369.0, 1183.25, 1248.25, 1232.0
0.03986826139712255,1, 601.0, 2152.0, 0.04, 601.0, 605.0, 618.0, 2150.0, 2167.0, 2161.0
0.9915014164305949,1, 521.0, 1794.0, 0.06, 536.0, 509.0, 497.0, 1812.0, 1730.0, 1554.0
0.051490514905149054,1, 560.0, 2486.0, 0.11, 540.0, 857.0, 1078.0, 2495.0, 2484.0, 2415.0
