0.0,1, 587.0, 1450.0, 0.03, 587.0, 587.0, 586.0, 1450.0, 1444.0, 1424.0
1.0,3, 179.2222222222222, 494.5555555555556, 0.029, 176.33333333333334, 173.7777777777778, 179.0, 470.1111111111111, 457.5555555555556, 484.0
0.43643745749829993,3, 174.11111111111111, 553.4444444444445, 0.01, 174.11111111111111, 172.88888888888889, 171.55555555555554, 553.3333333333334, 551.8888888888889, 548.2222222222223
0.4949186991869919,1, 540.0, 1222.0, 0.05, 540.0, 519.0, 518.0, 1222.0, 1350.0, 1507.0
0.3333333333333333,1, 549.0, 953.0, 0.03, 549.0, 539.0, 531.0, 953.0, 952.0, 957.0
0.989451476793249,11, 49.17355371900826, 111.9917355371901, 0.004702479338842975, 49.09917355371901, 49.735537190082646, 49.16528925619835, 111.08264462809917, 112.61157024793388, 116.9090909090909
0.16129032258064516,1, 541.0, 1450.0, 0.029, 541.0, 540.0, 538.0, 1450.0, 1461.0, 1496.0
0.11904761904761904,2, 247.25, 641.5, 0.045, 240.75, 228.0, 238.0, 616.25, 557.25, 559.5
0.23226773226773229,3, 206.66666666666666, 444.1111111111111, 0.009888888888888888, 206.66666666666666, 205.66666666666666, 204.55555555555554, 444.1111111111111, 444.3333333333333, 444.22222222222223
0.11518225545177777,5, 109.92, 237.08, 0.0176, 108.47999999999999, 109.72, 124.84, 237.68, 258.4, 324.44
0.4473684210526316,10, 53.370000000000005, 145.38, 0.00519, 52.67999999999999, 51.54, 51.18, 144.85999999999999, 146.19, 144.45999999999998
0.4857142857142857,2, 263.0, 614.25, 0.0225, 263.0, 263.75, 266.25, 614.75, 616.5, 633.0
0.1875,2, 282.75, 576.5, 0.025, 282.5, 285.75, 291.0, 576.25, 602.25, 626.75
0.8685759145912924,3, 184.2222222222222, 399.4444444444444, 0.022000000000000002, 182.66666666666666, 175.0, 163.22222222222223, 398.0, 386.6666666666667, 393.8888888888889
0.5,2, 301.25, 652.5, 0.03725, 300.25, 310.75, 307.75, 624.5, 644.75, 643.75
0.26754289597142034,4, 129.9375, 365.9375, 0.0199375, 129.6875, 126.1875, 121.8125, 370.75, 364.5, 362.3125
0.9056603773584906,5, 106.44000000000001, 315.4, 0.00928, 106.6, 109.28, 111.32000000000001, 314.68, 306.04, 299.8
0.6666666666666666,3, 193.7777777777778, 386.4444444444444, 0.01, 193.7777777777778, 193.44444444444446, 193.0, 386.77777777777777, 394.6666666666667, 403.5555555555556
0.037286724927174365,3, 194.0, 388.6666666666667, 0.01988888888888889, 194.55555555555554, 195.0, 198.11111111111111, 394.6666666666667, 416.4444444444444, 418.0
0.22993864229373032,1, 553.0, 1716.0, 0.07, 552.0, 539.0, 541.0, 1702.0, 1589.0, 1563.0
0.7529680365296804,1, 591.0, 1132.0, 0.051, 591.0, 585.0, 578.0, 1132.0, 1122.0, 1093.0
0.06097560975609756,1, 507.0, 1307.0, 0.08, 506.0, 507.0, 506.0, 1316.0, 1209.0, 1153.0
0.9985696771557009,3, 186.44444444444446, 457.5555555555556, 0.019, 184.44444444444446, 182.11111111111111, 181.88888888888889, 464.22222222222223, 457.3333333333333, 437.6666666666667
0.28797816531883524,7, 78.83673469387756, 195.44897959183672, 0.009959183673469386, 78.57142857142857, 79.79591836734694, 86.04081632653062, 189.73469387755102, 188.89795918367346, 200.0
0.01825117263784198,1, 566.0, 1199.0, 0.07, 572.0, 595.0, 597.0, 1193.0, 1201.0, 1173.0
0.9199999999999999,2, 286.5, 648.75, 0.027, 286.75, 298.5, 293.75, 670.5, 738.0, 748.0
0.03568369968598344,1, 486.0, 1004.0, 0.06, 485.0, 482.0, 498.0, 1006.0, 1088.0, 1104.0
0.5714285714285714,1, 532.0, 1733.0, 0.031, 531.0, 528.0, 526.0, 1727.0, 1717.0, 1696.0
0.4699356283782079,2, 263.0, 615.25, 0.04275, 260.75, 259.0, 269.25, 608.75, 623.75, 796.75
0.4888888888888889,7, 77.36734693877551, 169.12244897959184, 0.01, 76.9795918367347, 75.91836734693878, 74.75510204081634, 170.6122448979592, 167.3673469387755, 163.0204081632653
0.5232058376276886,2, 257.5, 720.75, 0.06025, 256.5, 251.5, 234.5, 719.0, 712.25, 722.25
0.24169246646026832,1, 585.0, 1290.0, 0.081, 571.0, 525.0, 505.0, 1349.0, 1360.0, 1265.0
0.004,2, 284.25, 525.0, 0.0225, 283.75, 279.0, 274.5, 524.75, 522.0, 533.75
0.8583333333333334,2, 291.5, 667.25, 0.02225, 292.0, 293.5, 289.5, 666.75, 646.25, 658.0
0.047573739295908656,1, 594.0, 1272.0, 0.041, 594.0, 592.0, 585.0, 1272.0, 1329.0, 1309.0
0.03540179922937689,3, 184.55555555555554, 429.0, 0.011111111111111112, 184.55555555555554, 184.44444444444446, 185.44444444444446, 429.0, 446.5555555555556, 475.5555555555556
0.0461236316271587,1, 634.0, 1604.0, 0.03, 634.0, 632.0, 625.0, 1604.0, 1640.0, 1655.0
0.9768518518518519,2, 273.0, 579.25, 0.025, 273.25, 271.25, 281.5, 579.25, 587.25, 633.5
0.09732706075762634,2, 262.5, 581.0, 0.035250000000000004, 261.5, 250.5, 246.75, 580.75, 580.0, 622.5
0.3975563909774436,3, 179.33333333333334, 409.1111111111111, 0.025555555555555554, 179.7777777777778, 177.11111111111111, 175.66666666666666, 416.0, 416.4444444444444, 420.77777777777777
0.14556962025316456,4, 134.25, 385.0, 0.0168125, 132.9375, 134.0625, 133.375, 375.6875, 384.1875, 376.5
0.06573290878638645,4, 134.25, 253.125, 0.0155, 134.0, 129.875, 125.9375, 253.75, 254.4375, 271.25
0.9901960784313726,6, 84.5, 208.75, 0.008333333333333333, 84.02777777777779, 83.44444444444444, 84.55555555555556, 209.58333333333334, 210.44444444444446, 219.44444444444446
0.9,1, 532.0, 1244.0, 0.06, 531.0, 521.0, 520.0, 1241.0, 1174.0, 1337.0
0.2582808742897702,1, 574.0, 1357.0, 0.06, 571.0, 540.0, 527.0, 1359.0, 1356.0, 1320.0
0.08250825082508251,1, 495.0, 1388.0, 0.12, 504.0, 481.0, 438.0, 1413.0, 1379.0, 1294.0
0.853299856527977,1, 633.0, 1450.0, 0.04, 633.0, 622.0, 608.0, 1450.0, 1502.0, 1550.0
0.1721311475409836,1, 547.0, 1380.0, 0.03, 547.0, 547.0, 548.0, 1380.0, 1428.0, 1450.0
0.0662940654052643,2, 282.0, 630.0, 0.035, 279.5, 266.5, 261.75, 631.75, 653.0, 722.25
0.09401709401709402,2, 275.5, 664.75, 0.025249999999999998, 274.5, 276.75, 280.5, 665.5, 639.5, 617.75
0.002472799208704253,2, 272.25, 648.5, 0.025, 271.5, 265.25, 270.0, 640.5, 644.25, 651.75
0.5555555555555556,2, 238.5, 517.75, 0.015, 238.5, 239.5, 240.25, 517.75, 517.0, 517.0
0.003323262839879154,1, 607.0, 1662.0, 0.139, 583.0, 547.0, 533.0, 1903.0, 1847.0, 1790.0
0.8333333333333333,1, 572.0, 936.0, 0.03, 572.0, 581.0, 585.0, 936.0, 938.0, 938.0
0.5286233530213539,1, 571.0, 1363.0, 0.08, 563.0, 517.0, 514.0, 1307.0, 1207.0, 1167.0
0.0054466230936819175,1, 552.0, 1586.0, 0.06, 554.0, 576.0, 556.0, 1587.0, 1593.0, 1602.0
0.6976981351981353,2, 255.25, 686.75, 0.04725, 245.75, 249.25, 246.0, 687.0, 781.25, 814.75
0.08950545727963642,2, 290.75, 595.75, 0.02, 290.75, 294.25, 300.5, 595.5, 604.5, 622.25
0.016722408026755852,2, 273.0, 613.5, 0.037250000000000005, 272.75, 276.25, 268.25, 618.0, 625.25, 646.25
0.007246376811594203,2, 266.5, 812.0, 0.0225, 266.5, 279.0, 290.25, 812.0, 777.5, 717.5
0.3638457203316736,1, 489.0, 1390.0, 0.111, 473.0, 456.0, 520.0, 1507.0, 1550.0, 1501.0
0.6,5, 98.64, 257.36, 0.014879999999999999, 97.2, 96.36, 99.12, 255.8, 250.84, 259.28000000000003
0.03986826139712255,2, 250.75, 856.75, 0.025, 250.25, 242.0, 233.5, 856.0, 881.5, 872.5
0.9915014164305949,3, 173.88888888888889, 427.1111111111111, 0.016666666666666666, 174.33333333333334, 170.55555555555557, 171.33333333333334, 425.0, 419.77777777777777, 413.3333333333333
