0.0,1, 961.0, 989.0, 0.12, 955.0, 972.0, 1150.0, 1004.0, 976.0, 1026.0
0.26754289597142034,98, 8.605997501041234, 11.277384423157017, 0.0014871928363182011, 8.540191586838818, 8.61234902124115, 8.276863806747189, 11.183881715951687, 11.766451478550605, 13.17846730528946
1.0,1, 1053.0, 1145.0, 0.3, 1057.0, 956.0, 906.0, 1149.0, 1136.0, 1199.0
0.43643745749829993,1, 778.0, 1022.0, 0.19, 776.0, 829.0, 831.0, 1031.0, 1109.0, 1201.0
0.320503682584937,1, 586.0, 709.0, 0.17, 581.0, 610.0, 632.0, 708.0, 733.0, 1042.0
0.20833333333333334,1, 856.0, 1121.0, 0.211, 851.0, 875.0, 858.0, 1105.0, 1231.0, 1304.0
0.3333333333333333,3, 279.22222222222223, 324.3333333333333, 0.06444444444444446, 277.3333333333333, 276.55555555555554, 261.0, 326.55555555555554, 332.44444444444446, 377.1111111111111
0.4827586206896552,1, 697.0, 1135.0, 0.23, 695.0, 713.0, 709.0, 1129.0, 1230.0, 1296.0
0.23226773226773229,5, 158.12, 182.12, 0.02952, 158.52, 161.64000000000001, 165.56, 181.68, 203.76, 248.2
0.11518225545177777,2, 397.75, 437.75, 0.17475, 396.75, 401.5, 416.25, 437.25, 440.5, 534.5
0.4473684210526316,1, 740.0, 1098.0, 0.119, 737.0, 753.0, 710.0, 1086.0, 1124.0, 1217.0
-0.0032147828574918907,4, 138.625, 369.5625, 0.0099375, 138.5, 138.0625, 136.125, 372.0625, 372.875, 388.625
0.9324324324324325,2, 429.0, 551.25, 0.12225, 429.0, 435.75, 402.25, 552.25, 589.75, 636.0
0.6666666666666666,1, 763.0, 1219.0, 0.14, 760.0, 735.0, 688.0, 1215.0, 1257.0, 1368.0
0.22993864229373032,1, 871.0, 1311.0, 0.04, 862.0, 923.0, 964.0, 1320.0, 1254.0, 1184.0
0.3638457203316736,7, 107.44897959183673, 162.28571428571428, 0.025489795918367347, 107.16326530612244, 109.0204081632653, 106.91836734693878, 162.77551020408163, 160.48979591836732, 172.0408163265306
0.43993552669005404,1, 778.0, 1000.0, 0.12, 768.0, 791.0, 791.0, 1010.0, 993.0, 1145.0
0.06097560975609756,1, 805.0, 909.0, 0.32, 799.0, 902.0, 985.0, 913.0, 1040.0, 1241.0
0.20978831347592225,5, 160.88, 209.95999999999998, 0.04479999999999999, 159.8, 171.2, 166.12, 209.04000000000002, 221.8, 247.48000000000002
0.9,1, 620.0, 899.0, 0.04, 621.0, 619.0, 645.0, 899.0, 941.0, 1054.0
0.989451476793249,2, 342.5, 702.0, 0.04525, 331.25, 367.75, 352.75, 729.0, 628.75, 622.0
0.4699356283782079,3, 276.3333333333333, 367.0, 0.04544444444444445, 275.77777777777777, 284.6666666666667, 295.22222222222223, 363.77777777777777, 385.5555555555556, 414.6666666666667
0.25,1, 962.0, 845.0, 0.17, 961.0, 906.0, 847.0, 861.0, 1012.0, 1312.0
0.029940119760479042,3, 268.55555555555554, 338.88888888888886, 0.07244444444444445, 269.11111111111114, 259.77777777777777, 238.44444444444446, 339.55555555555554, 326.44444444444446, 340.6666666666667
0.851063829787234,3, 246.66666666666666, 340.55555555555554, 0.04777777777777778, 246.66666666666666, 230.7777777777778, 223.55555555555554, 343.3333333333333, 320.88888888888886, 332.11111111111114
0.03540179922937689,5, 156.88, 204.0, 0.033240000000000006, 156.6, 160.04000000000002, 167.48, 209.51999999999998, 221.71999999999997, 239.64000000000001
0.28797816531883524,8, 89.359375, 146.015625, 0.01128125, 89.125, 89.140625, 85.5, 148.765625, 149.640625, 164.5625
0.9768518518518519,13, 60.59763313609467, 74.74556213017752, 0.008177514792899408, 59.31360946745562, 63.2189349112426, 63.81065088757396, 74.8698224852071, 75.8698224852071, 81.51479289940828
0.09732706075762634,4, 193.875, 269.5625, 0.051875000000000004, 195.25, 188.875, 182.625, 270.6875, 282.0625, 296.875
0.9901960784313726,4, 152.4375, 369.25, 0.0343125, 150.125, 163.5625, 169.125, 364.875, 322.125, 305.625
0.39601850516956444,3, 293.44444444444446, 384.22222222222223, 0.03877777777777778, 286.55555555555554, 305.44444444444446, 296.44444444444446, 383.4444444444444, 407.0, 457.3333333333333
0.3975563909774436,6, 120.83333333333333, 159.41666666666666, 0.029750000000000002, 119.69444444444444, 128.05555555555557, 123.58333333333333, 157.88888888888889, 173.75, 195.2222222222222
0.9886561954624782,1, 940.0, 1363.0, 0.16, 890.0, 960.0, 854.0, 1362.0, 1416.0, 1492.0
0.9985696771557009,1, 939.0, 1214.0, 0.091, 937.0, 911.0, 771.0, 1194.0, 1305.0, 1402.0
0.01737228245385574,1, 853.0, 931.0, 0.119, 845.0, 855.0, 824.0, 948.0, 902.0, 1017.0
0.0662940654052643,3, 219.88888888888889, 362.77777777777777, 0.027555555555555555, 215.7777777777778, 225.11111111111111, 211.2222222222222, 359.22222222222223, 382.6666666666667, 415.5555555555556
0.7004124065641378,1, 921.0, 1094.0, 0.24, 924.0, 888.0, 876.0, 1092.0, 1112.0, 1258.0
0.5591230662924629,4, 205.6875, 281.75, 0.055624999999999994, 206.6875, 199.625, 193.6875, 280.25, 296.125, 315.4375
0.002472799208704253,1, 556.0, 1186.0, 0.069, 550.0, 556.0, 525.0, 1205.0, 1168.0, 1192.0
0.8685759145912924,1, 828.0, 1207.0, 0.151, 830.0, 800.0, 740.0, 1210.0, 1293.0, 1360.0
0.935483870967742,4, 157.6875, 234.75, 0.045, 156.625, 165.75, 174.5, 234.3125, 252.75, 309.375
0.6976981351981353,1, 842.0, 1019.0, 0.099, 827.0, 853.0, 820.0, 998.0, 1075.0, 1166.0
0.875,3, 243.7777777777778, 403.3333333333333, 0.03322222222222222, 242.0, 240.33333333333334, 228.2222222222222, 402.8888888888889, 410.6666666666667, 435.5555555555556
0.016722408026755852,4, 180.3125, 268.625, 0.0411875, 177.8125, 202.4375, 200.25, 267.375, 282.1875, 309.375
0.3858168631654727,2, 409.75, 542.75, 0.06525, 406.0, 406.75, 406.25, 554.25, 549.0, 602.75
0.41485001407712074,4, 193.1875, 242.25, 0.0425, 193.0, 187.875, 181.8125, 239.875, 252.125, 267.5625
0.03986826139712255,1, 691.0, 802.0, 0.21, 701.0, 659.0, 648.0, 825.0, 830.0, 1089.0
0.2583779621670076,5, 172.76, 199.72, 0.03792000000000001, 170.76, 179.44, 174.52, 200.76, 193.44, 214.68
0.051490514905149054,1, 792.0, 1053.0, 0.17, 789.0, 773.0, 805.0, 1019.0, 1227.0, 1352.0
