0.0,3, 182.11111111111111, 633.3333333333334, 0.01888888888888889, 177.44444444444446, 191.55555555555554, 205.0, 642.2222222222223, 614.5555555555555, 592.1111111111111
0.26754289597142034,175, 3.335248979591837, 11.473763265306122, 0.0002793795918367345, 3.3557224489795923, 3.50530612244898, 3.680195918367347, 11.585730612244898, 11.305795918367346, 10.852930612244899
0.28797816531883524,198, 2.9960718294051625, 9.707835935108664, 0.0002610192837465563, 3.0051525354555655, 3.0916233037445155, 3.271936537088052, 9.958881746760534, 9.616544230180594, 9.235486174880114
1.0,5, 118.55999999999999, 388.52, 0.01, 114.72, 115.75999999999999, 120.75999999999999, 399.91999999999996, 383.8, 364.71999999999997
0.43643745749829993,2, 333.5, 880.0, 0.025, 323.0, 351.25, 370.0, 890.25, 856.25, 805.5
0.4304347826086956,2, 293.5, 925.5, 0.0225, 288.25, 301.75, 309.5, 929.75, 906.25, 870.75
0.07261164901661495,2, 286.25, 985.5, 0.030000000000000002, 277.75, 302.5, 323.25, 994.25, 961.0, 917.75
0.3333333333333333,1, 583.0, 1874.0, 0.07, 576.0, 590.0, 581.0, 1957.0, 1715.0, 1429.0
0.989451476793249,10, 55.379999999999995, 203.64000000000001, 0.005, 55.17999999999999, 56.27, 57.33, 203.64000000000001, 199.54000000000002, 191.39000000000001
0.16129032258064516,1, 571.0, 2018.0, 0.07, 560.0, 588.0, 622.0, 2067.0, 1948.0, 1889.0
0.20833333333333334,3, 179.88888888888889, 644.7777777777777, 0.021222222222222222, 174.88888888888889, 187.44444444444446, 200.66666666666666, 649.0, 626.2222222222223, 589.1111111111111
0.4827586206896552,1, 594.0, 1943.0, 0.04, 594.0, 598.0, 606.0, 1948.0, 1890.0, 1802.0
0.11904761904761904,4, 135.875, 487.9375, 0.0125, 132.9375, 141.8125, 151.9375, 492.0625, 476.5, 455.5
0.23226773226773229,5, 117.8, 377.24, 0.007680000000000001, 117.12, 119.47999999999999, 120.47999999999999, 378.36, 373.28000000000003, 362.88
0.7746112594346588,1, 564.0, 1994.0, 0.05, 554.0, 585.0, 616.0, 2027.0, 1939.0, 1831.0
0.5145823094171409,5, 118.6, 410.03999999999996, 0.016040000000000002, 114.44000000000001, 126.92, 134.84, 417.71999999999997, 390.12, 366.84000000000003
0.11518225545177777,2, 264.25, 1004.0, 0.0475, 255.75, 300.0, 329.75, 1020.25, 959.5, 911.0
0.4473684210526316,25, 23.9808, 72.5744, 0.0014704000000000006, 24.5088, 24.630399999999998, 24.918400000000002, 74.24640000000001, 71.8592, 69.6336
0.4857142857142857,2, 275.0, 968.25, 0.0225, 269.25, 286.0, 299.5, 967.25, 956.75, 910.5
0.1875,3, 194.2222222222222, 713.0, 0.022111111111111113, 191.7777777777778, 198.88888888888889, 210.66666666666666, 725.5555555555555, 674.5555555555555, 626.8888888888889
0.8685759145912924,37, 15.504747991234476, 53.47918188458729, 0.001323593864134405, 15.326515704894081, 16.47845142439737, 18.360847333820306, 54.425858290723156, 52.55222790357926, 50.6691015339664
0.5,2, 268.5, 1018.0, 0.035, 259.5, 306.0, 323.0, 1127.0, 1118.0, 1018.0
-0.0032147828574918907,1, 546.0, 1594.0, 0.03, 546.0, 550.0, 556.0, 1594.0, 1594.0, 1583.0
0.39601850516956444,4, 138.1875, 449.5625, 0.012, 135.75, 143.0625, 145.625, 453.125, 441.25, 425.625
0.3858168631654727,7, 74.81632653061224, 293.48979591836735, 0.009408163265306121, 73.20408163265306, 76.95918367346938, 78.38775510204081, 295.734693877551, 286.0612244897959, 266.2857142857143
0.9324324324324325,8, 69.1875, 225.46875, 0.00484375, 68.875, 70.5625, 72.09375, 226.703125, 220.421875, 213.734375
0.6666666666666666,2, 295.25, 1034.5, 0.0355, 287.25, 304.0, 312.0, 1037.75, 1013.25, 926.5
0.037286724927174365,14, 36.47959183673469, 148.59693877551018, 0.003938775510204083, 36.01020408163266, 38.23979591836735, 41.36224489795918, 149.77551020408163, 143.73469387755102, 132.7704081632653
0.22993864229373032,5, 110.47999999999999, 447.0, 0.01168, 107.6, 114.8, 116.24000000000001, 460.48, 417.03999999999996, 374.56
0.9901960784313726,3, 188.2222222222222, 620.7777777777777, 0.015444444444444446, 185.55555555555554, 194.55555555555554, 199.7777777777778, 623.3333333333334, 610.6666666666666, 592.5555555555555
0.7529680365296804,2, 264.0, 949.0, 0.02975, 260.75, 272.75, 282.5, 943.75, 942.25, 851.75
0.3638457203316736,1, 587.0, 2083.0, 0.07, 576.0, 606.0, 629.0, 2101.0, 2051.0, 1959.0
0.43993552669005404,4, 139.0, 495.9375, 0.013625, 137.4375, 143.5, 152.375, 496.4375, 482.4375, 457.9375
0.06097560975609756,4, 125.125, 518.375, 0.0169375, 120.75, 135.25, 148.3125, 526.75, 500.75, 470.5625
0.9056603773584906,9, 65.54320987654322, 216.51851851851853, 0.004320987654320988, 64.85185185185185, 67.06172839506172, 68.18518518518518, 217.82716049382714, 212.46913580246914, 207.40740740740742
0.20978831347592225,6, 86.6111111111111, 340.88888888888886, 0.010305555555555557, 89.19444444444444, 89.5, 97.27777777777777, 346.0555555555556, 338.3333333333333, 310.4166666666667
0.9985696771557009,4, 147.6875, 516.125, 0.0124375, 144.3125, 153.1875, 158.4375, 516.6875, 510.6875, 487.4375
0.01825117263784198,1, 560.0, 1760.0, 0.08, 529.0, 638.0, 707.0, 1793.0, 1714.0, 1583.0
0.9199999999999999,9, 62.48148148148149, 222.7283950617284, 0.004950617283950617, 60.96296296296296, 63.77777777777778, 65.14814814814815, 223.58024691358025, 219.83950617283952, 210.50617283950618
0.16866374487131666,4, 143.0, 473.375, 0.0119375, 141.75, 148.875, 152.5625, 479.375, 462.0625, 439.8125
0.047573739295908656,5, 118.64000000000001, 373.48, 0.01036, 122.72, 114.44000000000001, 118.52000000000001, 368.32, 377.52, 366.28000000000003
0.5714285714285714,3, 177.66666666666666, 649.8888888888889, 0.016777777777777777, 173.55555555555554, 183.44444444444446, 187.44444444444446, 659.8888888888889, 633.5555555555555, 596.0
0.3169086541174173,2, 284.75, 970.75, 0.029750000000000002, 281.0, 292.25, 303.0, 979.0, 958.0, 912.5
0.4699356283782079,3, 178.0, 689.2222222222222, 0.02544444444444444, 179.11111111111111, 183.33333333333334, 199.2222222222222, 677.0, 684.1111111111112, 641.4444444444445
0.25,8, 70.828125, 251.15625, 0.005968749999999999, 73.53125, 71.75, 74.703125, 256.4375, 245.0, 227.515625
0.4888888888888889,12, 49.354166666666664, 155.25, 0.004736111111111112, 48.3125, 50.90972222222222, 52.270833333333336, 156.39583333333334, 152.66666666666666, 146.33333333333334
0.5232058376276886,1, 641.0, 2202.0, 0.06, 607.0, 662.0, 692.0, 2268.0, 2088.0, 1924.0
0.24169246646026832,3, 192.11111111111111, 650.8888888888889, 0.01311111111111111, 191.2222222222222, 198.88888888888889, 205.7777777777778, 653.2222222222223, 634.2222222222223, 615.2222222222223
0.004,2, 284.75, 1118.5, 0.0325, 362.75, 287.75, 299.25, 1216.25, 1120.75, 1080.0
0.8189551750463518,2, 299.0, 972.5, 0.0225, 295.25, 304.0, 308.0, 977.75, 948.5, 893.5
0.7924477861944679,1, 595.0, 1968.0, 0.061, 623.0, 614.0, 642.0, 2056.0, 1908.0, 1815.0
0.029940119760479042,3, 194.33333333333334, 589.6666666666666, 0.012444444444444445, 193.7777777777778, 196.7777777777778, 200.33333333333334, 589.8888888888889, 583.8888888888889, 573.1111111111111
0.851063829787234,1, 539.0, 2197.0, 0.04, 534.0, 567.0, 591.0, 2201.0, 2182.0, 2155.0
0.03540179922937689,3, 182.88888888888889, 672.7777777777777, 0.01677777777777778, 178.88888888888889, 188.88888888888889, 194.33333333333334, 680.1111111111111, 651.3333333333334, 608.6666666666666
0.0461236316271587,2, 237.0, 1035.0, 0.03025, 361.25, 254.0, 265.5, 1102.25, 1024.75, 802.5
0.09613819705639245,2, 293.5, 1078.25, 0.02275, 288.75, 302.5, 313.0, 1085.5, 1050.5, 932.25
0.6047008547008548,5, 109.44000000000001, 427.03999999999996, 0.011279999999999998, 108.16, 112.32000000000001, 118.4, 428.23999999999995, 416.8, 388.4
0.0664819944598338,1, 551.0, 1768.0, 0.059, 549.0, 577.0, 585.0, 1695.0, 1745.0, 1646.0
0.9768518518518519,3, 196.2222222222222, 657.3333333333334, 0.014444444444444446, 191.7777777777778, 204.0, 213.11111111111111, 661.5555555555555, 641.2222222222223, 608.6666666666666
0.9,31, 17.789802289281997, 66.87304890738814, 0.0021207075962539025, 17.330905306971903, 18.733610822060353, 19.963579604578563, 67.45369406867846, 65.15712799167534, 60.89698231009365
0.21055693545331977,2, 273.75, 1170.75, 0.037500000000000006, 267.75, 292.5, 318.5, 1176.5, 1152.0, 1096.5
0.09732706075762634,1, 556.0, 1794.0, 0.05, 547.0, 575.0, 599.0, 1826.0, 1736.0, 1633.0
0.8166666666666667,1, 795.0, 1675.0, 0.03, 795.0, 748.0, 671.0, 1675.0, 1664.0, 1659.0
0.21524064171122995,2, 264.25, 950.0, 0.02975, 257.5, 277.5, 299.25, 961.0, 910.25, 798.75
0.9886561954624782,1, 537.0, 1870.0, 0.04, 535.0, 545.0, 738.0, 1876.0, 1828.0, 1976.0
0.08950545727963642,19, 28.950138504155127, 104.74515235457064, 0.002379501385041552, 29.177285318559555, 29.634349030470915, 31.43213296398892, 105.71468144044321, 102.23822714681441, 97.61218836565097
0.14556962025316456,1, 569.0, 2183.0, 0.1, 588.0, 591.0, 717.0, 2190.0, 2093.0, 1946.0
0.06573290878638645,1, 563.0, 1847.0, 0.061, 554.0, 576.0, 601.0, 1880.0, 1783.0, 1679.0
0.08250825082508251,3, 182.2222222222222, 710.2222222222222, 0.016555555555555556, 180.11111111111111, 185.7777777777778, 187.44444444444446, 715.2222222222222, 688.0, 652.3333333333334
0.853299856527977,5, 108.24000000000001, 379.8, 0.01228, 107.75999999999999, 110.0, 113.84, 381.12, 375.36, 364.08000000000004
0.1721311475409836,2, 294.75, 1168.75, 0.04025, 290.25, 303.75, 317.25, 1180.25, 1074.75, 992.25
0.01737228245385574,4, 149.1875, 462.8125, 0.015625, 147.125, 152.4375, 154.3125, 466.0625, 460.125, 446.9375
0.3975563909774436,1, 503.0, 1861.0, 0.07, 497.0, 519.0, 558.0, 1902.0, 1792.0, 1661.0
0.0662940654052643,3, 189.44444444444446, 670.2222222222223, 0.022111111111111113, 181.7777777777778, 200.66666666666666, 211.2222222222222, 680.5555555555555, 658.1111111111111, 648.2222222222223
0.09401709401709402,7, 85.91836734693878, 294.83673469387753, 0.0075306122448979594, 85.3061224489796, 87.08163265306122, 87.71428571428571, 301.7959183673469, 276.6938775510204, 251.73469387755102
0.018518518518518517,3, 192.0, 625.0, 0.01666666666666667, 189.55555555555554, 196.66666666666666, 201.2222222222222, 631.1111111111111, 605.3333333333334, 568.7777777777777
0.002472799208704253,9, 63.901234567901234, 214.4320987654321, 0.0054444444444444445, 62.58024691358024, 66.4074074074074, 68.55555555555556, 217.04938271604937, 208.79012345679013, 199.22222222222223
0.7004124065641378,6, 96.44444444444444, 321.22222222222223, 0.006944444444444444, 95.30555555555556, 99.55555555555556, 103.41666666666667, 323.5, 312.80555555555554, 301.19444444444446
0.3468338725085468,1, 503.0, 1843.0, 0.07, 499.0, 524.0, 549.0, 1840.0, 1831.0, 1716.0
0.5555555555555556,3, 176.88888888888889, 643.5555555555555, 0.015555555555555557, 174.55555555555554, 183.11111111111111, 191.66666666666666, 649.1111111111111, 622.4444444444445, 590.0
0.044642857142857144,4, 141.5625, 509.0625, 0.013812500000000002, 140.25, 145.9375, 150.75, 515.0, 501.25, 474.1875
0.7252567693744165,1, 551.0, 1815.0, 0.04, 548.0, 569.0, 572.0, 1820.0, 1769.0, 1702.0
0.5591230662924629,3, 202.7777777777778, 653.0, 0.020111111111111114, 198.33333333333334, 212.33333333333334, 223.2222222222222, 659.7777777777777, 627.4444444444445, 589.1111111111111
0.003323262839879154,5, 112.6, 357.96, 0.00648, 112.6, 113.8, 114.96, 358.2, 352.6, 345.28000000000003
0.0847457627118644,5, 111.0, 385.0, 0.01236, 114.0, 112.12, 113.96, 378.0, 384.91999999999996, 370.36
0.9090909090909091,3, 181.55555555555554, 721.2222222222222, 0.01777777777777778, 178.33333333333334, 190.0, 199.66666666666666, 729.1111111111112, 707.6666666666666, 669.6666666666666
0.4949186991869919,3, 190.2222222222222, 642.2222222222223, 0.01877777777777778, 185.33333333333334, 199.33333333333334, 210.7777777777778, 651.5555555555555, 626.4444444444445, 602.2222222222223
0.8914565826330532,6, 87.69444444444444, 320.05555555555554, 0.008888888888888889, 85.91666666666667, 93.25, 97.72222222222223, 324.8333333333333, 309.38888888888886, 286.22222222222223
0.8333333333333333,1, 579.0, 2052.0, 0.05, 542.0, 619.0, 640.0, 2060.0, 2020.0, 1856.0
0.0054466230936819175,3, 178.11111111111111, 721.0, 0.025666666666666667, 173.11111111111111, 186.55555555555554, 197.55555555555554, 733.8888888888888, 694.5555555555555, 653.0
0.6976981351981353,1, 579.0, 1689.0, 0.031, 579.0, 589.0, 600.0, 1689.0, 1699.0, 1708.0
0.875,7, 81.93877551020408, 282.734693877551, 0.006285714285714285, 80.81632653061224, 83.93877551020408, 85.44897959183673, 288.265306122449, 273.83673469387753, 259.6530612244898
0.05963228348710511,1, 573.0, 1767.0, 0.05, 557.0, 591.0, 601.0, 1793.0, 1716.0, 1621.0
0.016722408026755852,1, 529.0, 1802.0, 0.049, 521.0, 542.0, 556.0, 1806.0, 1784.0, 1738.0
0.007246376811594203,2, 289.25, 1131.0, 0.0225, 287.5, 298.5, 305.25, 1151.0, 1074.0, 1012.0
0.41485001407712074,1, 538.0, 1880.0, 0.06, 567.0, 549.0, 565.0, 1901.0, 1860.0, 1677.0
0.03986826139712255,2, 284.75, 924.25, 0.025, 275.5, 298.25, 308.0, 929.25, 899.0, 852.0
0.45454545454545453,2, 298.0, 860.25, 0.030000000000000002, 288.5, 309.0, 318.25, 876.75, 828.0, 772.75
0.06119523026890933,2, 276.75, 1081.75, 0.03225, 292.0, 289.5, 315.0, 1021.75, 1080.0, 1049.5
0.2583779621670076,2, 262.75, 963.75, 0.037250000000000005, 252.0, 284.0, 304.0, 968.5, 941.75, 901.0
0.051490514905149054,5, 115.08, 371.56, 0.0144, 111.72, 121.08, 124.4, 379.48, 358.48, 334.2
