0.0,1, 525.0, 2744.0, 0.26, 526.0, 523.0, 715.0, 2725.0, 2057.0, 1927.0
0.28797816531883524,67, 543.9104477611941, 2169.9402985074626, 0.07056716417910447, 544.179104477612, 543.1940298507462, 546.2388059701492, 2170.910447761194, 2156.1641791044776, 1970.7164179104477
0.26754289597142034,30, 555.6, 2383.2, 0.08693333333333335, 557.7333333333333, 567.9, 654.6, 2374.9666666666667, 2353.6, 2306.633333333333
1.0,3, 544.3333333333334, 2297.3333333333335, 0.06266666666666666, 551.0, 530.3333333333334, 523.3333333333334, 2322.6666666666665, 2306.3333333333335, 2313.0
0.9056603773584906,10, 528.6, 1912.1, 0.038299999999999994, 533.1, 545.7, 565.1, 1904.6, 1925.6, 1882.4
0.16129032258064516,1, 742.0, 1683.0, 0.031, 742.0, 750.0, 761.0, 1683.0, 1687.0, 1686.0
0.3333333333333333,1, 511.0, 1824.0, 0.04, 514.0, 494.0, 495.0, 1838.0, 1755.0, 1762.0
0.4827586206896552,3, 586.6666666666666, 1970.3333333333333, 0.043000000000000003, 587.0, 591.0, 591.0, 1955.0, 1998.6666666666667, 2020.0
0.11904761904761904,3, 656.6666666666666, 1837.0, 0.056666666666666664, 662.0, 648.0, 654.6666666666666, 1834.6666666666667, 1812.6666666666667, 1713.3333333333333
0.7746112594346588,1, 536.0, 1907.0, 0.04, 537.0, 536.0, 578.0, 1904.0, 1907.0, 1889.0
0.11518225545177777,2, 612.5, 2183.5, 0.0645, 626.5, 572.0, 617.5, 2187.0, 2147.0, 1976.5
0.4857142857142857,1, 471.0, 2374.0, 0.089, 486.0, 461.0, 462.0, 2346.0, 2297.0, 1837.0
0.1875,1, 611.0, 1844.0, 0.03, 611.0, 602.0, 585.0, 1844.0, 1834.0, 1829.0
0.4473684210526316,14, 532.0, 2264.9285714285716, 0.07757142857142858, 536.9285714285714, 520.7142857142857, 538.1428571428571, 2270.8571428571427, 2216.9285714285716, 2155.714285714286
0.3858168631654727,4, 474.25, 1768.75, 0.06, 476.25, 477.25, 500.25, 1763.75, 1773.5, 1739.5
0.9324324324324325,8, 578.5, 2283.875, 0.0765, 587.0, 580.0, 747.125, 2270.875, 2269.375, 2271.125
0.9558498896247241,3, 553.0, 2153.0, 0.06066666666666667, 557.6666666666666, 544.3333333333334, 623.6666666666666, 2148.6666666666665, 2120.3333333333335, 2079.3333333333335
0.989451476793249,7, 520.4285714285714, 2081.5714285714284, 0.07157142857142859, 525.1428571428571, 518.4285714285714, 526.7142857142857, 2081.1428571428573, 2003.2857142857142, 1781.2857142857142
0.3638457203316736,9, 549.6666666666666, 2340.1111111111113, 0.07311111111111111, 565.2222222222222, 523.1111111111111, 533.4444444444445, 2322.5555555555557, 2355.222222222222, 2245.222222222222
0.06097560975609756,1, 556.0, 1872.0, 0.05, 568.0, 535.0, 513.0, 1874.0, 1801.0, 1612.0
0.9901960784313726,1, 611.0, 2231.0, 0.041, 615.0, 590.0, 581.0, 2219.0, 2280.0, 2257.0
0.20978831347592225,6, 534.5, 1947.6666666666667, 0.057999999999999996, 551.6666666666666, 634.5, 688.0, 1948.5, 1952.3333333333333, 1950.3333333333333
0.9985696771557009,9, 524.4444444444445, 1985.5555555555557, 0.05544444444444444, 532.4444444444445, 536.1111111111111, 585.2222222222222, 1981.5555555555557, 1948.4444444444443, 1865.0
0.047573739295908656,9, 542.5555555555555, 1973.7777777777778, 0.05333333333333333, 543.0, 573.5555555555555, 607.6666666666666, 1957.888888888889, 1969.3333333333333, 1888.5555555555557
0.4304347826086956,2, 562.5, 2243.5, 0.135, 564.5, 552.0, 554.5, 2260.5, 2221.5, 2200.5
0.25,1, 561.0, 1790.0, 0.029, 726.0, 786.0, 837.0, 2236.0, 2248.0, 2260.0
0.5232058376276886,1, 522.0, 2237.0, 0.09, 531.0, 501.0, 494.0, 2232.0, 2123.0, 1877.0
0.004,2, 550.0, 2566.5, 0.03, 550.0, 527.0, 522.0, 2566.5, 2593.5, 2615.5
0.8583333333333334,2, 558.0, 2013.5, 0.055, 560.0, 564.5, 595.5, 1961.5, 2051.5, 2047.5
0.851063829787234,1, 509.0, 2123.0, 0.091, 505.0, 519.0, 524.0, 2121.0, 2050.0, 1922.0
0.03540179922937689,3, 551.6666666666666, 1939.3333333333333, 0.056999999999999995, 562.6666666666666, 535.0, 517.6666666666666, 1951.0, 1845.6666666666667, 1763.3333333333333
0.0461236316271587,1, 462.0, 2199.0, 0.18, 460.0, 448.0, 429.0, 2190.0, 2177.0, 2063.0
0.09613819705639245,5, 486.4, 2228.4, 0.05600000000000001, 484.0, 484.0, 777.0, 2225.8, 2182.2, 2147.6
0.9768518518518519,7, 564.1428571428571, 2146.4285714285716, 0.07414285714285716, 569.2857142857143, 554.1428571428571, 631.1428571428571, 2121.0, 2183.1428571428573, 2047.857142857143
0.16366612111292964,2, 495.5, 2262.0, 0.1, 485.5, 500.0, 572.5, 2254.5, 2218.5, 1988.0
0.9199999999999999,5, 520.6, 2189.8, 0.0484, 521.8, 526.6, 533.8, 2209.6, 2145.6, 2110.4
0.34014806386840046,1, 549.0, 1823.0, 0.04, 550.0, 539.0, 535.0, 1825.0, 1791.0, 1707.0
0.8166666666666667,3, 534.3333333333334, 2084.3333333333335, 0.04666666666666667, 1158.3333333333333, 1223.6666666666667, 809.6666666666666, 2208.0, 2376.6666666666665, 2379.6666666666665
0.39601850516956444,1, 511.0, 1987.0, 0.05, 524.0, 488.0, 460.0, 1962.0, 1961.0, 1673.0
0.3975563909774436,3, 572.6666666666666, 2152.3333333333335, 0.09666666666666668, 583.0, 573.6666666666666, 803.0, 2160.6666666666665, 2071.0, 2119.3333333333335
0.9886561954624782,1, 469.0, 2274.0, 0.09, 473.0, 467.0, 458.0, 2249.0, 2207.0, 1956.0
0.06573290878638645,3, 538.6666666666666, 1820.0, 0.03666666666666666, 540.0, 534.0, 526.6666666666666, 1810.6666666666667, 1798.3333333333333, 1737.3333333333333
0.2582808742897702,1, 577.0, 2048.0, 0.04, 578.0, 572.0, 599.0, 2055.0, 1990.0, 1934.0
0.853299856527977,1, 616.0, 1903.0, 0.04, 616.0, 612.0, 613.0, 1900.0, 1904.0, 1906.0
0.0662940654052643,3, 550.3333333333334, 2322.0, 0.07033333333333334, 559.6666666666666, 554.0, 574.3333333333334, 2320.3333333333335, 2310.3333333333335, 2271.3333333333335
0.09401709401709402,2, 530.5, 1784.5, 0.064, 532.5, 526.5, 530.0, 1839.0, 1715.0, 1700.0
0.018518518518518517,1, 464.0, 1781.0, 0.081, 482.0, 465.0, 491.0, 2086.0, 2120.0, 2215.0
0.23226773226773229,2, 630.5, 1820.0, 0.03, 630.5, 622.0, 616.0, 1820.0, 1803.5, 1769.5
0.9,5, 505.6, 2079.8, 0.057600000000000005, 503.2, 508.0, 522.2, 2056.0, 2101.0, 2092.6
0.3468338725085468,1, 569.0, 2511.0, 0.06, 566.0, 565.0, 584.0, 2467.0, 2480.0, 2408.0
0.5555555555555556,4, 571.75, 1986.5, 0.055249999999999994, 586.75, 566.5, 578.0, 2029.5, 2019.5, 1988.25
0.08950545727963642,9, 553.1111111111111, 2458.4444444444443, 0.05888888888888889, 554.0, 568.8888888888889, 676.4444444444445, 2434.0, 2467.8888888888887, 2433.8888888888887
0.044642857142857144,1, 487.0, 2313.0, 0.18, 489.0, 480.0, 487.0, 2259.0, 1822.0, 1621.0
0.7004124065641378,1, 555.0, 2231.0, 0.15, 560.0, 529.0, 605.0, 2169.0, 2289.0, 1885.0
0.003323262839879154,2, 541.5, 1758.0, 0.0405, 551.5, 524.0, 506.5, 1767.0, 1729.0, 1657.0
0.002472799208704253,4, 546.5, 1806.75, 0.052500000000000005, 544.0, 555.25, 561.0, 1801.75, 1732.25, 1588.0
0.0847457627118644,3, 561.6666666666666, 2479.6666666666665, 0.043333333333333335, 568.3333333333334, 566.0, 582.0, 2441.6666666666665, 2480.6666666666665, 2337.3333333333335
0.9090909090909091,1, 568.0, 2157.0, 0.049, 585.0, 541.0, 522.0, 2132.0, 2194.0, 2241.0
0.8914565826330532,1, 530.0, 2513.0, 0.08, 545.0, 508.0, 488.0, 2473.0, 2461.0, 2284.0
0.8685759145912924,2, 551.0, 2136.5, 0.0455, 559.5, 546.0, 555.0, 2123.0, 2105.0, 1974.0
0.4888888888888889,3, 540.3333333333334, 1888.3333333333333, 0.049999999999999996, 545.0, 520.0, 480.0, 1866.6666666666667, 1858.0, 1704.3333333333333
0.8333333333333333,1, 523.0, 2117.0, 0.049, 535.0, 498.0, 472.0, 2068.0, 2171.0, 1883.0
0.037286724927174365,4, 626.25, 2404.5, 0.09775, 720.0, 605.5, 612.75, 2463.0, 2411.5, 2232.0
0.5286233530213539,1, 463.0, 2225.0, 0.07, 436.0, 464.0, 513.0, 2189.0, 2300.0, 2081.0
0.0054466230936819175,1, 496.0, 1769.0, 0.06, 509.0, 509.0, 586.0, 1803.0, 1708.0, 1659.0
0.6976981351981353,1, 533.0, 2438.0, 0.08, 534.0, 534.0, 510.0, 2375.0, 2475.0, 2141.0
0.875,5, 518.2, 2007.6, 0.078, 524.6, 514.0, 584.2, 2049.0, 2049.0, 2069.8
0.05963228348710511,1, 553.0, 1931.0, 0.05, 557.0, 554.0, 546.0, 1943.0, 1883.0, 1743.0
0.016722408026755852,1, 530.0, 2808.0, 0.07, 541.0, 522.0, 763.0, 2856.0, 2719.0, 2779.0
0.007246376811594203,1, 503.0, 2065.0, 0.05, 519.0, 476.0, 547.0, 2048.0, 1979.0, 1759.0
0.6,2, 539.0, 2361.5, 0.08499999999999999, 548.0, 531.5, 534.5, 2362.0, 2360.5, 2251.5
0.03986826139712255,2, 586.5, 1988.5, 0.0455, 589.5, 577.0, 560.5, 1995.5, 1986.5, 1947.5
