0.0,1, 700.0, 2141.0, 0.07, 774.0, 642.0, 595.0, 2051.0, 2223.0, 2368.0
0.28797816531883524,72, 7.882137345679013, 29.936921296296298, 0.0008379629629629632, 8.032407407407408, 7.617476851851852, 7.433449074074074, 29.579475308641975, 31.910879629629633, 33.3491512345679
0.26754289597142034,32, 18.3798828125, 64.1552734375, 0.0014892578125000006, 19.4716796875, 18.0380859375, 17.0927734375, 65.9375, 66.8955078125, 67.90625
1.0,4, 137.1875, 479.4375, 0.01, 137.9375, 134.3125, 130.8125, 473.5625, 487.75, 485.6875
0.9056603773584906,12, 50.583333333333336, 164.20138888888889, 0.005791666666666666, 52.645833333333336, 47.40972222222222, 44.21527777777778, 165.82638888888889, 170.86111111111111, 177.82638888888889
0.16129032258064516,1, 436.0, 1954.0, 0.06, 788.0, 459.0, 496.0, 2080.0, 2085.0, 1920.0
0.3333333333333333,1, 555.0, 2213.0, 0.06, 549.0, 507.0, 2196.0, 2154.0, 2334.0, 3382.0
0.4827586206896552,3, 168.33333333333334, 625.3333333333334, 0.014444444444444446, 176.7777777777778, 166.22222222222223, 158.33333333333334, 616.5555555555555, 643.8888888888889, 664.5555555555555
0.11904761904761904,3, 172.44444444444446, 656.8888888888889, 0.017888888888888888, 175.0, 168.44444444444443, 162.88888888888889, 637.4444444444445, 672.5555555555555, 665.7777777777777
0.7746112594346588,1, 679.0, 2048.0, 0.03, 679.0, 697.0, 717.0, 2048.0, 2042.0, 2016.0
0.11518225545177777,2, 248.5, 1033.0, 0.032, 253.0, 242.0, 235.0, 1011.0, 1066.75, 1054.75
0.4857142857142857,1, 475.0, 1905.0, 0.049, 481.0, 468.0, 467.0, 1870.0, 1946.0, 1982.0
0.1875,1, 519.0, 1807.0, 0.04, 518.0, 530.0, 537.0, 1804.0, 1826.0, 1853.0
0.8685759145912924,3, 172.44444444444446, 702.4444444444445, 0.012222222222222225, 172.66666666666666, 169.0, 166.11111111111111, 699.2222222222222, 722.4444444444445, 732.3333333333334
0.4473684210526316,15, 35.733333333333334, 139.90666666666667, 0.0035688888888888892, 43.34666666666667, 42.6, 43.013333333333335, 144.45333333333335, 149.82222222222222, 151.32444444444445
0.3858168631654727,4, 140.0, 484.875, 0.013125, 145.6875, 133.0625, 135.75, 480.3125, 490.375, 478.75
0.9324324324324325,8, 72.546875, 256.15625, 0.005843750000000001, 73.59375, 70.78125, 66.578125, 253.15625, 262.125, 264.25
0.037286724927174365,5, 103.88, 442.23999999999995, 0.01236, 104.8, 98.64, 93.4, 436.96000000000004, 466.32, 469.28000000000003
0.9558498896247241,3, 171.88888888888889, 705.0, 0.022333333333333334, 181.88888888888889, 164.55555555555557, 154.33333333333334, 684.2222222222222, 730.7777777777778, 727.5555555555555
0.989451476793249,7, 82.95918367346938, 285.57142857142856, 0.007755102040816327, 103.16326530612244, 92.28571428571429, 78.38775510204081, 292.65306122448976, 299.38775510204084, 305.65306122448976
0.3638457203316736,10, 58.4, 187.39000000000001, 0.00518, 59.27, 56.510000000000005, 53.83, 186.28, 192.51, 198.8
0.06097560975609756,1, 474.0, 2247.0, 0.04, 476.0, 461.0, 454.0, 2224.0, 2370.0, 2398.0
0.9901960784313726,1, 702.0, 2197.0, 0.051, 681.0, 718.0, 646.0, 2249.0, 2213.0, 2369.0
0.20978831347592225,8, 69.046875, 261.28125, 0.006687500000000001, 71.59375, 64.234375, 61.46875, 255.375, 265.46875, 260.515625
0.9985696771557009,9, 60.58024691358024, 232.60493827160494, 0.00482716049382716, 63.60493827160494, 71.09876543209877, 79.81481481481482, 237.91358024691357, 242.5185185185185, 246.16049382716048
0.047573739295908656,9, 59.72839506172839, 230.79012345679016, 0.006148148148148148, 61.01234567901234, 57.34567901234568, 54.901234567901234, 228.22222222222223, 236.55555555555554, 242.69135802469134
0.4304347826086956,2, 258.25, 1082.0, 0.0325, 260.5, 249.5, 247.0, 1064.5, 1091.0, 1083.5
0.25,1, 547.0, 2091.0, 0.05, 577.0, 528.0, 502.0, 2033.0, 2141.0, 2190.0
0.5232058376276886,1, 543.0, 2232.0, 0.04, 544.0, 537.0, 523.0, 2225.0, 2282.0, 2313.0
0.004,2, 343.5, 888.75, 0.015, 465.25, 442.5, 422.0, 1055.75, 1054.25, 1052.5
0.8583333333333334,2, 278.0, 1139.0, 0.03775, 281.5, 276.25, 252.75, 1144.75, 1143.5, 1142.5
0.851063829787234,1, 642.0, 1701.0, 0.07, 722.0, 516.0, 495.0, 1648.0, 1895.0, 1988.0
0.03540179922937689,3, 182.2222222222222, 671.6666666666666, 0.012333333333333333, 182.44444444444446, 181.2222222222222, 180.44444444444446, 671.1111111111111, 669.5555555555555, 664.1111111111111
0.0461236316271587,1, 693.0, 1960.0, 0.061, 764.0, 571.0, 494.0, 1944.0, 1959.0, 2020.0
0.09613819705639245,5, 123.2, 419.56000000000006, 0.012000000000000002, 119.88, 124.24000000000001, 115.04, 420.36, 424.16, 440.2
0.9768518518518519,8, 64.6875, 250.96875, 0.005640625000000001, 66.578125, 61.9375, 58.953125, 246.34375, 255.40625, 254.484375
0.16366612111292964,2, 270.5, 1013.5, 0.0325, 259.25, 292.75, 335.5, 1086.0, 1162.25, 1243.75
0.9199999999999999,5, 110.88, 408.96, 0.009479999999999999, 112.08, 107.2, 101.8, 402.4, 417.03999999999996, 415.76000000000005
0.34014806386840046,1, 519.0, 2000.0, 0.05, 523.0, 509.0, 505.0, 1947.0, 2086.0, 2166.0
0.8166666666666667,3, 194.0, 744.4444444444445, 0.022111111111111113, 295.88888888888886, 313.77777777777777, 152.44444444444443, 766.4444444444445, 860.0, 781.6666666666666
0.39601850516956444,1, 528.0, 2263.0, 0.069, 539.0, 485.0, 482.0, 2213.0, 2350.0, 2292.0
0.3975563909774436,3, 193.66666666666666, 632.8888888888889, 0.017888888888888888, 198.55555555555554, 184.11111111111111, 176.44444444444446, 623.6666666666666, 643.6666666666666, 653.3333333333334
0.9886561954624782,1, 667.0, 2025.0, 0.061, 668.0, 623.0, 535.0, 2011.0, 2112.0, 2310.0
0.06573290878638645,3, 190.55555555555554, 674.4444444444445, 0.016666666666666666, 190.0, 189.55555555555554, 179.0, 659.2222222222223, 704.0, 722.1111111111112
0.2582808742897702,1, 646.0, 2411.0, 0.03, 646.0, 569.0, 399.0, 2411.0, 2335.0, 2188.0
0.853299856527977,1, 508.0, 2010.0, 0.04, 510.0, 500.0, 492.0, 1999.0, 2041.0, 1955.0
0.0662940654052643,3, 174.66666666666666, 682.1111111111111, 0.016666666666666666, 176.55555555555554, 172.11111111111111, 168.88888888888889, 683.4444444444445, 695.4444444444445, 691.4444444444445
0.09401709401709402,2, 289.75, 950.25, 0.027500000000000004, 290.5, 280.75, 264.25, 948.0, 993.25, 1034.5
0.018518518518518517,1, 555.0, 2197.0, 0.09, 555.0, 531.0, 476.0, 2152.0, 2266.0, 2295.0
0.23226773226773229,2, 338.0, 825.25, 0.015, 338.0, 336.5, 334.75, 825.25, 826.75, 828.25
0.9,5, 108.84, 426.71999999999997, 0.01156, 109.72, 107.47999999999999, 102.72, 421.03999999999996, 439.96000000000004, 451.16
0.3468338725085468,1, 511.0, 2388.0, 0.04, 511.0, 510.0, 506.0, 2403.0, 2341.0, 2417.0
0.5555555555555556,4, 137.3125, 498.875, 0.0130625, 136.8125, 132.75, 127.0, 483.3125, 512.6875, 522.625
0.08950545727963642,9, 56.55555555555556, 220.49382716049382, 0.0040617283950617296, 68.53086419753087, 69.04938271604938, 69.0, 236.58024691358025, 238.81481481481484, 235.56790123456793
0.044642857142857144,1, 640.0, 1917.0, 0.031, 640.0, 632.0, 623.0, 1917.0, 1933.0, 1913.0
0.7004124065641378,1, 630.0, 2360.0, 0.12, 637.0, 622.0, 582.0, 2336.0, 2391.0, 2506.0
0.7252567693744165,1, 681.0, 1522.0, 0.05, 697.0, 648.0, 649.0, 1421.0, 1716.0, 1934.0
0.003323262839879154,3, 171.33333333333334, 646.7777777777777, 0.013333333333333334, 176.0, 159.22222222222223, 148.44444444444443, 629.1111111111111, 675.4444444444445, 677.0
0.002472799208704253,5, 115.16, 376.4, 0.00924, 151.0, 107.55999999999999, 106.44000000000001, 405.2, 387.48, 389.91999999999996
0.0847457627118644,3, 192.11111111111111, 632.6666666666666, 0.023222222222222224, 191.44444444444446, 197.66666666666666, 191.66666666666666, 628.4444444444445, 643.7777777777777, 709.6666666666666
0.9090909090909091,1, 520.0, 1893.0, 0.041, 518.0, 532.0, 543.0, 1892.0, 1882.0, 1805.0
0.4949186991869919,1, 555.0, 1913.0, 0.05, 563.0, 532.0, 495.0, 1863.0, 1991.0, 2071.0
0.8914565826330532,1, 465.0, 2272.0, 0.05, 486.0, 443.0, 424.0, 2301.0, 2288.0, 2487.0
0.4888888888888889,3, 170.22222222222223, 651.7777777777777, 0.012444444444444444, 171.44444444444446, 163.55555555555557, 156.22222222222223, 644.8888888888889, 659.2222222222223, 666.6666666666666
0.8333333333333333,1, 587.0, 1840.0, 0.031, 614.0, 620.0, 642.0, 2065.0, 2117.0, 2198.0
0.5286233530213539,1, 567.0, 2023.0, 0.069, 606.0, 570.0, 515.0, 2054.0, 2223.0, 2334.0
0.0054466230936819175,2, 237.0, 1018.5, 0.0225, 244.25, 227.75, 231.0, 1010.0, 1017.25, 1007.25
0.6976981351981353,2, 231.5, 1011.0, 0.020249999999999997, 231.75, 225.5, 216.5, 1003.75, 1007.5, 953.25
0.875,6, 103.6111111111111, 342.3611111111111, 0.011083333333333336, 101.41666666666667, 101.91666666666667, 99.80555555555556, 332.9166666666667, 359.77777777777777, 365.8888888888889
0.05963228348710511,1, 511.0, 2104.0, 0.03, 511.0, 513.0, 516.0, 2104.0, 2074.0, 2034.0
0.016722408026755852,1, 568.0, 1883.0, 0.06, 555.0, 564.0, 522.0, 1836.0, 1944.0, 1979.0
0.007246376811594203,1, 619.0, 1985.0, 0.11, 626.0, 579.0, 514.0, 1963.0, 2116.0, 2235.0
0.6,2, 284.75, 968.75, 0.0175, 285.0, 279.75, 275.5, 967.0, 977.5, 986.0
0.03986826139712255,2, 299.0, 972.5, 0.0325, 302.75, 293.75, 278.0, 934.0, 1013.5, 1047.5
