0.0,1, 510.0, 2497.0, 0.07, 519.0, 490.0, 502.0, 2468.0, 2483.0, 2196.0
0.26754289597142034,38, 14.72853185595568, 50.8483379501385, 0.0010914127423822717, 15.597645429362881, 14.528393351800554, 14.240997229916896, 51.689750692520775, 52.25346260387811, 52.448753462603875
0.28797816531883524,67, 8.265315214969926, 31.761416796613943, 0.0008086433504121182, 8.961684116729785, 8.654488750278459, 8.663399420806416, 31.845177099576745, 33.961461349966584, 35.22633103141011
1.0,6, 91.52777777777777, 303.5, 0.005583333333333333, 91.6111111111111, 89.83333333333333, 87.94444444444444, 303.0, 310.0833333333333, 315.05555555555554
0.43643745749829993,3, 204.7777777777778, 713.4444444444445, 0.013333333333333334, 206.2222222222222, 194.33333333333334, 185.55555555555554, 709.7777777777778, 734.6666666666666, 741.6666666666666
0.4304347826086956,1, 552.0, 2102.0, 0.06, 586.0, 538.0, 530.0, 2059.0, 2140.0, 2109.0
0.07261164901661495,3, 180.55555555555554, 621.6666666666666, 0.01088888888888889, 180.88888888888889, 175.33333333333334, 168.77777777777777, 620.4444444444445, 631.5555555555555, 639.2222222222223
0.9056603773584906,38, 14.640581717451525, 47.905817174515235, 0.0008372576177285323, 14.668282548476455, 14.333102493074792, 13.977839335180056, 47.84487534626039, 48.38919667590028, 48.90304709141274
0.989451476793249,5, 113.24000000000001, 434.0, 0.007200000000000001, 113.2, 112.2, 109.96, 433.84, 444.08000000000004, 450.36
0.16129032258064516,1, 541.0, 1649.0, 0.031, 541.0, 532.0, 522.0, 1649.0, 1674.0, 1699.0
0.20833333333333334,2, 249.5, 931.75, 0.015, 249.5, 244.0, 238.5, 931.75, 946.25, 959.5
0.3333333333333333,4, 114.6875, 517.1875, 0.008125, 115.0, 109.75, 105.25, 516.3125, 522.625, 524.25
0.4827586206896552,1, 500.0, 1788.0, 0.03, 500.0, 492.0, 483.0, 1788.0, 1803.0, 1809.0
0.11904761904761904,2, 279.0, 1077.25, 0.01525, 279.0, 273.75, 267.75, 1077.25, 1091.25, 1108.0
0.23226773226773229,4, 123.375, 475.625, 0.0074375, 123.375, 122.4375, 121.9375, 475.625, 475.75, 476.0625
0.5145823094171409,1, 566.0, 2024.0, 0.061, 582.0, 536.0, 485.0, 1953.0, 2186.0, 2285.0
0.11518225545177777,3, 172.55555555555554, 464.6666666666667, 0.009777777777777778, 172.55555555555554, 169.33333333333334, 166.11111111111111, 464.77777777777777, 465.4444444444444, 465.1111111111111
0.4473684210526316,3, 175.88888888888889, 737.0, 0.01888888888888889, 181.44444444444446, 167.55555555555557, 168.55555555555557, 738.1111111111112, 740.6666666666666, 765.2222222222222
-0.0032147828574918907,1, 588.0, 2112.0, 0.07, 647.0, 540.0, 523.0, 1948.0, 2315.0, 2285.0
0.39601850516956444,4, 124.5625, 485.4375, 0.010625, 126.0, 121.375, 118.4375, 483.75, 498.5, 517.25
0.3858168631654727,3, 178.66666666666666, 586.1111111111111, 0.012222222222222225, 179.11111111111111, 176.2222222222222, 176.11111111111111, 584.4444444444445, 588.4444444444445, 581.2222222222223
0.9324324324324325,5, 108.32000000000001, 340.52, 0.006, 108.32000000000001, 106.88, 105.12, 340.52, 340.15999999999997, 338.44
0.6666666666666666,1, 525.0, 2284.0, 0.04, 526.0, 522.0, 517.0, 2277.0, 2320.0, 2341.0
0.037286724927174365,11, 46.280991735537185, 154.60330578512398, 0.0028099173553719015, 46.30578512396694, 45.81818181818182, 45.35537190082645, 154.51239669421489, 155.37190082644628, 154.97520661157026
0.7529680365296804,1, 477.0, 2464.0, 0.04, 477.0, 471.0, 462.0, 2463.0, 2487.0, 2525.0
0.3638457203316736,11, 49.32231404958677, 167.32231404958677, 0.0035619834710743804, 49.69421487603306, 47.553719008264466, 44.96694214876033, 165.95867768595042, 171.1487603305785, 173.50413223140495
0.43993552669005404,4, 130.9375, 528.75, 0.008125, 131.1875, 126.75, 122.9375, 527.5, 536.625, 537.875
0.06097560975609756,1, 490.0, 1693.0, 0.029, 490.0, 481.0, 472.0, 1693.0, 1718.0, 1741.0
0.9901960784313726,3, 212.66666666666666, 691.4444444444445, 0.01888888888888889, 241.0, 183.55555555555554, 178.33333333333334, 691.0, 686.0, 665.8888888888889
0.9985696771557009,2, 246.5, 1069.5, 0.025, 246.0, 245.75, 242.0, 1052.5, 1087.75, 1019.75
0.8685759145912924,2, 263.25, 844.25, 0.02, 263.0, 258.0, 245.25, 826.0, 854.25, 845.75
0.9199999999999999,8, 66.734375, 230.984375, 0.0045312500000000006, 67.640625, 65.265625, 62.515625, 238.359375, 243.109375, 244.859375
0.16866374487131666,3, 187.66666666666666, 575.6666666666666, 0.012111111111111112, 188.33333333333334, 181.44444444444446, 171.33333333333334, 574.1111111111111, 591.0, 604.3333333333334
0.03568369968598344,3, 176.0, 614.4444444444445, 0.01011111111111111, 176.0, 173.33333333333334, 170.66666666666666, 614.4444444444445, 618.7777777777777, 628.1111111111111
0.047573739295908656,9, 55.65432098765432, 189.87654320987656, 0.004333333333333334, 55.81481481481481, 54.24691358024691, 52.80246913580247, 189.60493827160494, 192.30864197530866, 194.09876543209876
0.5714285714285714,4, 138.25, 490.125, 0.0093125, 138.375, 135.75, 132.375, 487.3125, 500.6875, 503.4375
0.25,3, 185.55555555555554, 623.1111111111111, 0.01566666666666667, 183.0, 188.2222222222222, 193.0, 615.0, 644.4444444444445, 660.3333333333334
0.11457431215500621,1, 572.0, 1953.0, 0.08, 593.0, 535.0, 463.0, 1923.0, 2036.0, 2152.0
0.004,4, 125.1875, 495.9375, 0.013187500000000001, 152.125, 120.6875, 114.625, 523.5625, 525.5, 548.1875
0.7924477861944679,1, 516.0, 1802.0, 0.04, 518.0, 498.0, 481.0, 1791.0, 1860.0, 1891.0
0.029940119760479042,1, 492.0, 1791.0, 0.031, 492.0, 490.0, 490.0, 1791.0, 1808.0, 1819.0
0.9558498896247241,7, 68.93877551020408, 265.59183673469386, 0.005122448979591837, 69.38775510204081, 66.65306122448979, 63.795918367346935, 264.6938775510204, 266.38775510204084, 265.89795918367344
0.0461236316271587,1, 552.0, 2183.0, 0.029, 552.0, 548.0, 535.0, 2183.0, 2190.0, 2199.0
0.09613819705639245,6, 87.33333333333333, 279.80555555555554, 0.005027777777777778, 87.33333333333333, 85.97222222222223, 84.58333333333333, 279.80555555555554, 281.61111111111114, 282.6666666666667
0.6047008547008548,1, 552.0, 1793.0, 0.03, 551.0, 546.0, 539.0, 1793.0, 1807.0, 1815.0
0.9768518518518519,2, 289.5, 922.5, 0.015, 289.5, 286.5, 284.0, 922.5, 924.5, 927.0
0.16366612111292964,1, 530.0, 1247.0, 0.03, 530.0, 530.0, 530.0, 1247.0, 1262.0, 1288.0
0.21055693545331977,2, 258.5, 1012.5, 0.02025, 259.25, 250.5, 240.5, 1010.25, 1031.5, 1046.25
0.09732706075762634,3, 170.11111111111111, 640.6666666666666, 0.016888888888888887, 172.55555555555554, 164.22222222222223, 155.22222222222223, 636.7777777777777, 653.4444444444445, 664.0
0.8166666666666667,1, 477.0, 1566.0, 0.03, 477.0, 477.0, 479.0, 1566.0, 1576.0, 1591.0
0.3975563909774436,5, 101.56, 385.71999999999997, 0.00636, 101.6, 100.24, 98.28, 385.08000000000004, 392.68, 395.96
0.21524064171122995,2, 274.75, 947.0, 0.015, 274.75, 271.0, 267.5, 947.0, 947.0, 942.0
0.9886561954624782,8, 70.46875, 221.5625, 0.004718750000000001, 70.796875, 68.953125, 67.21875, 221.078125, 220.515625, 221.546875
0.08950545727963642,6, 88.83333333333333, 324.61111111111114, 0.007805555555555556, 89.25, 87.3611111111111, 84.22222222222221, 316.47222222222223, 331.77777777777777, 333.02777777777777
0.14556962025316456,1, 572.0, 2384.0, 0.05, 628.0, 522.0, 521.0, 2325.0, 2415.0, 2549.0
0.06573290878638645,4, 134.1875, 441.5625, 0.0119375, 136.8125, 129.875, 124.4375, 430.0, 458.8125, 452.4375
0.2582808742897702,1, 614.0, 2134.0, 0.03, 614.0, 607.0, 596.0, 2134.0, 2160.0, 2185.0
0.08250825082508251,3, 168.44444444444443, 616.2222222222223, 0.01, 168.44444444444443, 165.11111111111111, 162.22222222222223, 616.2222222222223, 627.2222222222223, 634.6666666666666
0.853299856527977,1, 595.0, 1997.0, 0.05, 607.0, 567.0, 507.0, 1926.0, 2094.0, 2066.0
0.1721311475409836,3, 185.11111111111111, 533.2222222222223, 0.011999999999999999, 187.66666666666666, 179.0, 169.55555555555557, 527.7777777777777, 537.6666666666666, 536.6666666666666
0.0662940654052643,1, 546.0, 1805.0, 0.04, 549.0, 523.0, 499.0, 1802.0, 1821.0, 1770.0
0.20978831347592225,5, 106.28, 360.08000000000004, 0.007240000000000001, 106.52000000000001, 104.64000000000001, 102.92, 359.71999999999997, 361.44, 360.56
0.9,5, 113.72, 367.71999999999997, 0.00888, 114.44000000000001, 110.04, 105.35999999999999, 361.88, 382.96, 386.28000000000003
0.018518518518518517,2, 250.25, 782.75, 0.015, 250.25, 249.25, 247.25, 782.75, 789.75, 795.5
0.002472799208704253,5, 102.88, 290.76, 0.008, 103.08, 101.16, 99.88, 289.48, 296.2, 297.32
0.7004124065641378,5, 106.04, 335.71999999999997, 0.00608, 106.04, 104.4, 103.0, 335.71999999999997, 337.8, 338.71999999999997
0.3468338725085468,1, 522.0, 2098.0, 0.031, 522.0, 515.0, 511.0, 2098.0, 2116.0, 2135.0
0.5555555555555556,4, 129.9375, 461.8125, 0.008125, 130.125, 128.0625, 127.25, 461.375, 466.75, 466.3125
0.044642857142857144,12, 45.763888888888886, 138.6875, 0.0033402777777777784, 45.90277777777778, 44.791666666666664, 43.513888888888886, 138.02777777777777, 141.09027777777777, 143.97916666666666
0.5591230662924629,4, 127.125, 480.75, 0.00825, 127.4375, 126.0, 125.375, 480.0625, 486.375, 487.0625
0.003323262839879154,1, 488.0, 2188.0, 0.029, 488.0, 488.0, 488.0, 2188.0, 2192.0, 2200.0
0.5,4, 136.75, 491.0, 0.0093125, 137.875, 134.0, 130.3125, 486.25, 500.75, 506.875
0.0847457627118644,1, 610.0, 1759.0, 0.03, 610.0, 609.0, 606.0, 1759.0, 1733.0, 1709.0
0.9090909090909091,6, 82.44444444444444, 256.5, 0.005, 82.58333333333333, 81.30555555555556, 80.61111111111111, 259.1666666666667, 261.44444444444446, 263.4166666666667
0.30319148936170215,10, 51.529999999999994, 183.07999999999998, 0.0029900000000000005, 51.529999999999994, 51.370000000000005, 52.1, 183.07999999999998, 186.75, 190.27
0.8914565826330532,1, 551.0, 1837.0, 0.04, 554.0, 531.0, 512.0, 1822.0, 1914.0, 1958.0
0.4888888888888889,4, 137.25, 521.75, 0.011125000000000001, 138.3125, 132.4375, 124.125, 516.75, 536.8125, 547.625
0.8333333333333333,2, 274.25, 806.0, 0.015, 274.25, 270.5, 266.25, 806.0, 818.75, 830.0
0.5232058376276886,1, 460.0, 1426.0, 0.029, 460.0, 461.0, 464.0, 1426.0, 1427.0, 1438.0
0.935483870967742,1, 530.0, 1679.0, 0.04, 534.0, 504.0, 479.0, 1680.0, 1619.0, 1453.0
0.0054466230936819175,11, 48.43801652892562, 170.95867768595042, 0.0031652892561983476, 48.528925619834716, 47.79338842975207, 47.18181818181818, 171.3305785123967, 171.03305785123965, 171.4214876033058
0.6976981351981353,2, 268.75, 781.5, 0.015, 268.75, 266.0, 262.25, 781.5, 787.0, 793.75
0.875,4, 132.5, 448.0, 0.0075625, 132.5, 132.1875, 132.75, 448.0, 448.0, 450.125
0.05963228348710511,2, 260.0, 890.25, 0.015, 260.0, 257.5, 257.0, 890.25, 901.0, 907.5
0.016722408026755852,1, 558.0, 1907.0, 0.05, 545.0, 570.0, 536.0, 1861.0, 2012.0, 2106.0
0.007246376811594203,3, 152.77777777777777, 497.5555555555556, 0.01, 152.77777777777777, 151.66666666666666, 152.22222222222223, 497.5555555555556, 493.77777777777777, 491.3333333333333
0.41485001407712074,1, 477.0, 2212.0, 0.15, 484.0, 495.0, 489.0, 2184.0, 2237.0, 2322.0
0.03986826139712255,6, 87.16666666666667, 272.22222222222223, 0.005555555555555556, 87.3888888888889, 85.6388888888889, 84.13888888888889, 271.22222222222223, 274.13888888888886, 276.4166666666667
0.45454545454545453,2, 258.5, 906.5, 0.01475, 258.5, 251.25, 243.5, 906.5, 904.0, 890.25
0.06119523026890933,1, 527.0, 1434.0, 0.03, 527.0, 519.0, 512.0, 1434.0, 1439.0, 1440.0
0.2583779621670076,2, 272.5, 912.25, 0.01975, 274.0, 264.5, 258.5, 907.75, 929.5, 931.75
0.051490514905149054,3, 177.44444444444446, 685.0, 0.01677777777777778, 177.7777777777778, 176.11111111111111, 167.77777777777777, 688.7777777777778, 732.4444444444445, 760.3333333333334
