0.0,1, 643.0, 661.0, 0.08, 620.0, 686.0, 697.0, 883.0, 708.0, 894.0
0.26754289597142034,21, 30.6281179138322, 38.249433106575964, 0.004607709750566895, 30.029478458049887, 32.59183673469388, 32.41043083900227, 37.95238095238095, 44.54195011337869, 49.93424036281179
0.4949186991869919,4, 155.0625, 282.125, 0.020000000000000004, 172.875, 165.8125, 150.25, 330.0, 308.0, 278.625
0.07261164901661495,2, 300.75, 336.25, 0.0625, 306.0, 308.75, 320.25, 339.25, 361.0, 419.5
0.28797816531883524,42, 15.34750566893424, 17.845238095238095, 0.0021167800453514747, 15.291383219954648, 15.835034013605442, 16.481859410430836, 18.05498866213152, 18.914399092970523, 22.653061224489797
0.3333333333333333,5, 135.32, 169.68, 0.0184, 133.56, 140.24, 147.12, 176.68, 163.07999999999998, 169.28
0.9056603773584906,6, 101.33333333333333, 128.44444444444443, 0.015000000000000001, 101.1111111111111, 104.27777777777777, 106.30555555555556, 140.61111111111111, 131.61111111111111, 150.27777777777777
0.989451476793249,8, 75.25, 128.375, 0.009515625000000002, 77.875, 74.0, 78.625, 139.109375, 111.859375, 125.390625
1.0,2, 281.75, 236.5, 0.052250000000000005, 291.75, 295.25, 306.0, 301.75, 272.25, 342.0
0.320503682584937,1, 573.0, 1500.0, 0.1, 581.0, 608.0, 673.0, 1614.0, 919.0, 691.0
0.20833333333333334,5, 132.6, 186.8, 0.0156, 134.24, 136.6, 140.35999999999999, 189.0, 196.35999999999999, 215.71999999999997
0.4827586206896552,3, 225.2222222222222, 347.22222222222223, 0.016555555555555556, 225.55555555555554, 229.66666666666666, 228.55555555555554, 339.22222222222223, 363.5555555555556, 382.6666666666667
0.11904761904761904,31, 19.957336108220602, 22.559833506763788, 0.0026909469302809582, 20.16233090530697, 19.685744016649323, 19.787721123829343, 24.616024973985432, 22.5369406867846, 27.48595213319459
0.23226773226773229,3, 219.7777777777778, 304.44444444444446, 0.01911111111111111, 223.66666666666666, 224.7777777777778, 236.66666666666666, 332.11111111111114, 303.44444444444446, 352.8888888888889
0.7746112594346588,2, 289.75, 500.5, 0.06225, 287.25, 308.0, 344.5, 474.5, 542.5, 515.0
0.4857142857142857,1, 625.0, 966.0, 0.04, 630.0, 583.0, 564.0, 995.0, 796.0, 764.0
0.1875,6, 94.72222222222223, 86.75, 0.01447222222222222, 94.75, 97.3888888888889, 96.3888888888889, 87.05555555555556, 99.3888888888889, 131.27777777777777
0.8685759145912924,14, 47.01020408163265, 58.73979591836735, 0.007653061224489796, 47.275510204081634, 48.83163265306122, 51.55102040816326, 61.663265306122454, 60.545918367346935, 70.74489795918367
0.39601850516956444,3, 193.2222222222222, 212.7777777777778, 0.02766666666666667, 193.0, 200.2222222222222, 215.2222222222222, 239.55555555555554, 230.33333333333334, 311.22222222222223
0.3858168631654727,1, 658.0, 441.0, 0.07, 627.0, 680.0, 682.0, 532.0, 690.0, 936.0
0.22993864229373032,1, 613.0, 865.0, 0.11, 612.0, 639.0, 703.0, 925.0, 873.0, 1066.0
0.3638457203316736,3, 182.7777777777778, 307.11111111111114, 0.02666666666666667, 182.44444444444446, 185.66666666666666, 188.44444444444446, 318.3333333333333, 312.55555555555554, 350.77777777777777
0.06097560975609756,1, 567.0, 653.0, 0.1, 550.0, 624.0, 704.0, 644.0, 682.0, 841.0
0.01825117263784198,2, 286.25, 259.75, 0.06, 279.0, 308.5, 327.5, 262.75, 310.0, 431.5
0.16866374487131666,1, 598.0, 688.0, 0.081, 578.0, 640.0, 659.0, 671.0, 741.0, 822.0
0.03568369968598344,1, 567.0, 763.0, 0.111, 550.0, 620.0, 629.0, 762.0, 821.0, 890.0
0.047573739295908656,2, 292.25, 322.75, 0.04, 293.75, 294.5, 308.75, 369.75, 332.5, 413.75
0.4304347826086956,4, 165.125, 152.625, 0.0275, 162.6875, 171.25, 170.4375, 150.8125, 180.3125, 216.3125
0.9199999999999999,5, 119.55999999999999, 118.28, 0.0156, 119.4, 120.84, 120.55999999999999, 140.56, 127.84, 167.04000000000002
0.3169086541174173,3, 208.0, 367.0, 0.03211111111111111, 203.2222222222222, 214.66666666666666, 208.55555555555554, 390.3333333333333, 277.22222222222223, 275.6666666666667
0.25,1, 577.0, 877.0, 0.06, 571.0, 563.0, 574.0, 894.0, 839.0, 851.0
0.4888888888888889,6, 108.1111111111111, 126.6388888888889, 0.016611111111111115, 107.77777777777777, 110.72222222222223, 109.91666666666667, 126.33333333333333, 120.72222222222223, 126.19444444444444
0.11457431215500621,1, 580.0, 554.0, 0.109, 582.0, 607.0, 631.0, 536.0, 683.0, 850.0
0.24169246646026832,1, 544.0, 651.0, 0.1, 564.0, 531.0, 555.0, 684.0, 740.0, 880.0
0.8189551750463518,3, 207.88888888888889, 224.0, 0.030000000000000002, 207.88888888888889, 214.88888888888889, 219.55555555555554, 265.44444444444446, 220.0, 310.88888888888886
0.8583333333333334,4, 147.1875, 173.9375, 0.021750000000000002, 146.1875, 149.5, 150.375, 189.75, 180.1875, 213.25
0.7924477861944679,1, 594.0, 647.0, 0.1, 614.0, 598.0, 636.0, 824.0, 680.0, 804.0
0.9558498896247241,7, 83.9795918367347, 124.95918367346938, 0.016142857142857143, 82.42857142857143, 86.18367346938776, 87.71428571428571, 149.08163265306123, 92.24489795918366, 116.57142857142857
0.03540179922937689,3, 189.66666666666666, 374.3333333333333, 0.03333333333333334, 189.7777777777778, 190.0, 194.11111111111111, 364.8888888888889, 323.3333333333333, 255.44444444444446
0.0461236316271587,1, 542.0, 704.0, 0.13, 574.0, 480.0, 669.0, 825.0, 757.0, 1058.0
0.09613819705639245,6, 96.66666666666667, 129.72222222222223, 0.015805555555555555, 97.8888888888889, 97.5, 104.44444444444444, 147.52777777777777, 111.0, 140.80555555555557
0.6047008547008548,1, 570.0, 851.0, 0.05, 565.0, 586.0, 609.0, 780.0, 939.0, 1097.0
0.0664819944598338,1, 660.0, 506.0, 0.11, 666.0, 664.0, 676.0, 469.0, 617.0, 878.0
0.9901960784313726,29, 20.71462544589774, 30.212841854934602, 0.003305588585017836, 20.90963139120095, 21.82758620689655, 23.27705112960761, 31.953626634958383, 31.318668252080858, 37.015457788347206
0.16366612111292964,2, 282.5, 274.75, 0.042249999999999996, 285.75, 285.25, 294.75, 325.25, 281.0, 342.0
0.21055693545331977,2, 285.25, 352.5, 0.06475, 286.75, 279.5, 286.25, 349.25, 378.5, 437.5
0.8166666666666667,4, 143.6875, 257.6875, 0.023, 144.5, 146.25, 152.125, 261.5, 243.9375, 259.75
0.21524064171122995,2, 295.0, 328.5, 0.0475, 302.5, 291.5, 300.25, 404.0, 322.5, 435.5
0.14556962025316456,2, 298.75, 323.25, 0.05025, 299.75, 294.0, 290.75, 316.0, 363.25, 442.5
0.06573290878638645,2, 308.75, 296.5, 0.04525, 325.25, 307.25, 321.5, 357.75, 325.0, 420.25
0.9985696771557009,1, 560.0, 726.0, 0.06, 636.0, 618.0, 640.0, 907.0, 782.0, 959.0
0.9768518518518519,3, 237.2222222222222, 310.0, 0.024444444444444446, 234.2222222222222, 248.55555555555554, 252.11111111111111, 358.77777777777777, 340.22222222222223, 390.0
0.9324324324324325,1, 630.0, 834.0, 0.08, 666.0, 604.0, 627.0, 1089.0, 850.0, 953.0
0.2582808742897702,1, 623.0, 448.0, 0.099, 635.0, 607.0, 601.0, 457.0, 435.0, 560.0
0.08250825082508251,3, 204.66666666666666, 192.7777777777778, 0.03222222222222222, 208.33333333333334, 199.33333333333334, 202.11111111111111, 215.44444444444446, 209.2222222222222, 274.11111111111114
0.853299856527977,2, 331.25, 428.0, 0.05500000000000001, 351.75, 325.75, 326.25, 406.0, 392.25, 466.25
0.1721311475409836,4, 161.4375, 298.5625, 0.0299375, 159.0, 174.5625, 177.125, 294.9375, 233.9375, 239.75
0.01737228245385574,1, 695.0, 331.0, 0.09, 690.0, 696.0, 662.0, 287.0, 443.0, 1008.0
0.0662940654052643,2, 291.0, 337.5, 0.04475, 288.0, 299.25, 327.5, 350.75, 365.0, 454.75
0.20978831347592225,7, 90.87755102040816, 152.32653061224488, 0.014551020408163265, 90.0204081632653, 91.44897959183673, 92.53061224489795, 150.55102040816328, 147.24489795918367, 139.22448979591837
0.09401709401709402,3, 202.44444444444446, 253.7777777777778, 0.030111111111111113, 197.2222222222222, 208.11111111111111, 206.11111111111111, 228.33333333333334, 251.7777777777778, 210.7777777777778
0.018518518518518517,2, 314.0, 332.75, 0.05, 316.5, 320.0, 313.5, 313.25, 403.0, 630.75
0.4473684210526316,7, 83.89795918367348, 128.9795918367347, 0.013693877551020408, 83.89795918367348, 83.95918367346938, 86.67346938775509, 150.30612244897958, 125.63265306122449, 139.77551020408163
0.9,3, 209.55555555555554, 187.11111111111111, 0.03322222222222223, 207.88888888888889, 207.55555555555554, 214.88888888888889, 227.88888888888889, 211.2222222222222, 278.44444444444446
0.7004124065641378,3, 198.7777777777778, 274.44444444444446, 0.031222222222222224, 208.55555555555554, 209.44444444444446, 228.44444444444446, 300.55555555555554, 293.6666666666667, 332.0
0.3468338725085468,1, 598.0, 500.0, 0.08, 612.0, 607.0, 607.0, 811.0, 623.0, 826.0
0.08950545727963642,5, 125.16, 188.2, 0.01572, 127.0, 127.75999999999999, 129.64000000000001, 195.0, 192.84, 212.56
0.5591230662924629,2, 284.0, 484.0, 0.0475, 279.0, 316.75, 390.75, 515.75, 591.0, 834.75
0.002472799208704253,1, 610.0, 839.0, 0.08, 599.0, 618.0, 626.0, 810.0, 929.0, 1109.0
0.5,2, 311.5, 360.5, 0.039999999999999994, 316.25, 319.5, 333.5, 416.75, 386.0, 496.0
0.0847457627118644,1, 510.0, 741.0, 0.14, 516.0, 594.0, 543.0, 910.0, 720.0, 708.0
0.8914565826330532,1, 533.0, 616.0, 0.14, 537.0, 577.0, 633.0, 627.0, 614.0, 871.0
0.8333333333333333,2, 314.75, 330.5, 0.04475, 308.75, 320.75, 317.0, 339.25, 385.5, 465.5
0.037286724927174365,1, 561.0, 839.0, 0.1, 573.0, 586.0, 663.0, 948.0, 867.0, 989.0
0.5714285714285714,1, 593.0, 606.0, 0.129, 586.0, 625.0, 650.0, 589.0, 730.0, 997.0
0.0054466230936819175,2, 294.0, 557.25, 0.059750000000000004, 288.75, 298.0, 296.5, 657.5, 429.5, 501.75
0.6976981351981353,1, 619.0, 499.0, 0.13, 614.0, 619.0, 631.0, 539.0, 624.0, 844.0
0.05963228348710511,1, 631.0, 833.0, 0.08, 622.0, 641.0, 653.0, 945.0, 946.0, 1008.0
0.016722408026755852,2, 276.5, 406.75, 0.04475, 287.0, 282.0, 301.25, 495.0, 371.75, 439.0
0.007246376811594203,3, 193.88888888888889, 290.44444444444446, 0.03877777777777778, 196.11111111111111, 204.0, 213.44444444444446, 379.8888888888889, 126.77777777777777, 176.55555555555554
0.6,2, 326.0, 534.75, 0.030000000000000002, 344.5, 311.75, 329.0, 577.75, 465.5, 520.75
0.41485001407712074,1, 556.0, 563.0, 0.12, 562.0, 545.0, 562.0, 558.0, 615.0, 717.0
0.9915014164305949,2, 333.75, 475.75, 0.04225, 328.5, 344.0, 338.25, 470.5, 490.5, 531.0
0.051490514905149054,5, 118.35999999999999, 166.92000000000002, 0.0196, 115.64000000000001, 126.64000000000001, 126.4, 176.07999999999998, 172.48, 194.95999999999998
