0.0,1, 538.0, 1713.0, 0.041, 537.0, 541.0, 536.0, 1725.0, 1652.0, 1584.0
0.28797816531883524,70, 587.9, 1701.5857142857142, 0.049342857142857126, 587.7428571428571, 580.6857142857143, 569.8, 1716.6142857142856, 1674.1714285714286, 1648.3
0.26754289597142034,44, 571.6818181818181, 1619.6136363636363, 0.04254545454545456, 589.3636363636364, 591.0681818181819, 586.8181818181819, 1659.1363636363637, 1649.75, 1657.5454545454545
1.0,2, 493.5, 1704.5, 0.035, 461.5, 470.0, 471.5, 1816.0, 1837.0, 1903.0
0.43643745749829993,4, 516.5, 1788.5, 0.035, 520.75, 498.0, 489.75, 1791.25, 1777.75, 1779.5
0.4949186991869919,4, 575.0, 1799.75, 0.037750000000000006, 897.5, 899.75, 901.25, 2144.25, 2108.75, 2114.0
0.4304347826086956,3, 560.6666666666666, 1590.0, 0.05333333333333334, 560.0, 556.6666666666666, 542.3333333333334, 1605.3333333333333, 1561.0, 1543.0
0.9056603773584906,22, 577.8181818181819, 1669.5454545454545, 0.03772727272727274, 579.9090909090909, 574.5454545454545, 572.5909090909091, 1674.7727272727273, 1658.2727272727273, 1650.9545454545455
0.20833333333333334,6, 550.5, 1980.6666666666667, 0.03333333333333333, 552.0, 544.3333333333334, 538.5, 1986.3333333333333, 1984.8333333333333, 1993.0
0.3333333333333333,2, 529.5, 1784.5, 0.0405, 519.5, 534.5, 515.5, 1789.0, 1798.0, 1803.5
0.4827586206896552,3, 507.3333333333333, 1764.3333333333333, 0.04, 513.3333333333334, 498.3333333333333, 476.3333333333333, 1771.0, 1748.3333333333333, 1741.3333333333333
0.11904761904761904,1, 478.0, 1800.0, 0.041, 478.0, 482.0, 517.0, 1801.0, 1805.0, 1860.0
0.23226773226773229,2, 510.0, 1817.0, 0.0295, 510.0, 509.5, 512.0, 1817.0, 1830.5, 1844.5
0.4857142857142857,3, 550.0, 1817.3333333333333, 0.07333333333333333, 556.6666666666666, 537.6666666666666, 755.3333333333334, 1817.3333333333333, 1838.0, 2019.6666666666667
0.5,4, 544.75, 1533.0, 0.04, 551.25, 537.0, 526.0, 1550.0, 1545.75, 1549.5
-0.0032147828574918907,10, 545.9, 1751.6, 0.0339, 545.6, 547.4, 536.3, 1753.1, 1733.0, 1698.2
0.4473684210526316,5, 548.4, 1696.6, 0.032, 548.8, 598.2, 638.0, 1734.8, 1777.8, 1787.2
0.3858168631654727,2, 541.0, 1857.0, 0.0405, 542.5, 537.0, 540.5, 1855.5, 1857.5, 1843.5
0.037286724927174365,1, 562.0, 1752.0, 0.04, 566.0, 532.0, 519.0, 1752.0, 1740.0, 1737.0
0.989451476793249,3, 523.0, 1699.3333333333333, 0.049666666666666665, 647.0, 676.0, 801.0, 1866.6666666666667, 1909.3333333333333, 2042.0
0.3638457203316736,8, 545.375, 1630.0, 0.055125, 539.625, 543.75, 529.25, 1637.5, 1614.875, 1585.375
0.43993552669005404,7, 555.2857142857143, 1644.5714285714287, 0.03885714285714286, 555.8571428571429, 545.0, 518.7142857142857, 1649.7142857142858, 1638.2857142857142, 1619.857142857143
0.06097560975609756,2, 532.5, 1823.5, 0.0545, 539.0, 523.0, 492.0, 1831.5, 1809.5, 1795.5
0.9901960784313726,1, 499.0, 1824.0, 0.059, 514.0, 495.0, 512.0, 1839.0, 1787.0, 1742.0
0.9985696771557009,1, 538.0, 1838.0, 0.04, 538.0, 528.0, 513.0, 1843.0, 1795.0, 1759.0
0.01825117263784198,2, 566.5, 1562.0, 0.060000000000000005, 566.5, 547.0, 537.0, 1581.5, 1539.0, 1558.5
0.8685759145912924,7, 631.5714285714286, 1659.5714285714287, 0.04271428571428572, 632.2857142857143, 622.2857142857143, 593.8571428571429, 1677.2857142857142, 1617.4285714285713, 1597.5714285714287
0.03568369968598344,1, 528.0, 1582.0, 0.03, 528.0, 527.0, 528.0, 1582.0, 1566.0, 1552.0
0.047573739295908656,8, 572.375, 1738.875, 0.030125, 572.375, 575.875, 577.5, 1738.875, 1737.0, 1731.25
0.9199999999999999,2, 534.0, 2038.0, 0.035, 534.5, 533.5, 532.0, 2035.5, 2048.0, 2053.0
0.11457431215500621,2, 576.5, 1648.0, 0.0555, 574.5, 576.5, 563.0, 1655.0, 1610.0, 1560.5
0.5232058376276886,3, 593.3333333333334, 1496.6666666666667, 0.04, 593.3333333333334, 593.0, 584.6666666666666, 1500.3333333333333, 1462.6666666666667, 1412.6666666666667
0.24169246646026832,2, 710.0, 1560.0, 0.029, 710.0, 715.5, 720.0, 1560.0, 1557.5, 1556.5
0.004,1, 485.0, 1521.0, 0.031, 504.0, 487.0, 462.0, 1813.0, 1816.0, 1838.0
0.8583333333333334,1, 476.0, 1739.0, 0.04, 476.0, 478.0, 471.0, 1741.0, 1722.0, 1737.0
0.7924477861944679,1, 527.0, 1771.0, 0.04, 528.0, 522.0, 508.0, 1765.0, 1777.0, 1747.0
0.9558498896247241,2, 573.5, 1625.0, 0.0395, 574.0, 560.5, 528.5, 1628.5, 1599.5, 1585.0
0.03540179922937689,1, 570.0, 1649.0, 0.03, 570.0, 563.0, 554.0, 1649.0, 1669.0, 1692.0
0.0461236316271587,2, 537.5, 1609.5, 0.04, 539.0, 514.5, 489.0, 1619.5, 1576.0, 1575.0
0.09613819705639245,4, 616.75, 1623.25, 0.033, 617.0, 617.75, 614.0, 1623.25, 1613.75, 1611.25
0.0664819944598338,1, 467.0, 1811.0, 0.03, 467.0, 469.0, 471.0, 1811.0, 1767.0, 1744.0
0.9768518518518519,1, 427.0, 2011.0, 0.03, 427.0, 420.0, 416.0, 2011.0, 1979.0, 1944.0
0.16366612111292964,1, 632.0, 2239.0, 0.03, 632.0, 633.0, 630.0, 2239.0, 2223.0, 2204.0
0.34014806386840046,1, 678.0, 1320.0, 0.04, 674.0, 701.0, 715.0, 1325.0, 1230.0, 1191.0
0.21055693545331977,1, 534.0, 1631.0, 0.04, 536.0, 548.0, 558.0, 1639.0, 1573.0, 1522.0
0.09732706075762634,1, 519.0, 1456.0, 0.031, 519.0, 503.0, 486.0, 1456.0, 1444.0, 1452.0
0.39601850516956444,3, 502.6666666666667, 1951.0, 0.03333333333333333, 615.6666666666666, 772.6666666666666, 783.6666666666666, 2076.0, 2075.0, 2144.0
0.9886561954624782,2, 686.5, 1422.5, 0.06, 694.5, 736.5, 685.5, 1484.0, 1497.5, 1574.0
0.08950545727963642,6, 564.3333333333334, 1642.1666666666667, 0.04016666666666667, 563.6666666666666, 564.6666666666666, 557.5, 1654.1666666666667, 1619.1666666666667, 1614.3333333333333
0.14556962025316456,1, 511.0, 1758.0, 0.04, 512.0, 503.0, 485.0, 1750.0, 1798.0, 1596.0
0.06573290878638645,3, 602.0, 1559.3333333333333, 0.03666666666666667, 603.6666666666666, 578.6666666666666, 556.0, 1582.0, 1537.0, 1524.0
0.2582808742897702,1, 579.0, 1761.0, 0.07, 577.0, 596.0, 619.0, 1803.0, 1699.0, 1590.0
0.1721311475409836,1, 548.0, 1582.0, 0.051, 533.0, 561.0, 533.0, 1585.0, 1640.0, 1641.0
0.20978831347592225,1, 550.0, 1729.0, 0.03, 550.0, 552.0, 553.0, 1729.0, 1726.0, 1715.0
0.09401709401709402,4, 549.25, 1831.25, 0.03775, 548.25, 549.25, 621.25, 1840.25, 1799.5, 1818.5
0.002472799208704253,7, 594.1428571428571, 1694.2857142857142, 0.04271428571428571, 597.4285714285714, 580.8571428571429, 561.7142857142857, 1701.7142857142858, 1656.2857142857142, 1598.0
0.3468338725085468,1, 586.0, 1556.0, 0.12, 587.0, 568.0, 557.0, 1553.0, 1548.0, 1525.0
0.5555555555555556,5, 561.2, 2117.8, 0.0398, 560.4, 559.6, 554.2, 2112.4, 2156.4, 2223.0
0.044642857142857144,1, 503.0, 2192.0, 0.05, 512.0, 500.0, 494.0, 2197.0, 2166.0, 2107.0
0.7004124065641378,1, 540.0, 1768.0, 0.05, 556.0, 533.0, 516.0, 1811.0, 1702.0, 1637.0
0.7252567693744165,1, 504.0, 1733.0, 0.029, 504.0, 495.0, 488.0, 1733.0, 1724.0, 1715.0
0.5591230662924629,1, 561.0, 1108.0, 0.04, 557.0, 577.0, 577.0, 1122.0, 1025.0, 982.0
0.003323262839879154,1, 486.0, 1799.0, 0.06, 496.0, 463.0, 448.0, 1818.0, 1776.0, 1754.0
0.0847457627118644,2, 547.5, 1831.0, 0.03, 547.5, 551.5, 556.5, 1831.0, 1824.5, 1822.5
0.9090909090909091,2, 530.0, 1779.5, 0.035500000000000004, 529.5, 530.0, 528.5, 1778.5, 1782.0, 1795.0
0.8914565826330532,3, 517.6666666666666, 1580.6666666666667, 0.04666666666666667, 668.3333333333334, 600.3333333333334, 548.0, 1724.0, 1703.3333333333333, 1724.3333333333333
0.9,5, 540.0, 1911.8, 0.047599999999999996, 537.8, 540.2, 544.6, 1906.2, 1912.4, 1909.0
0.4888888888888889,2, 534.0, 1557.0, 0.04, 533.5, 541.5, 547.0, 1567.5, 1486.5, 1403.0
0.8333333333333333,1, 616.0, 1776.0, 0.03, 616.0, 617.0, 613.0, 1776.0, 1669.0, 1564.0
0.5714285714285714,1, 567.0, 1573.0, 0.05, 565.0, 570.0, 560.0, 1582.0, 1554.0, 1556.0
0.0054466230936819175,1, 503.0, 1599.0, 0.04, 506.0, 483.0, 497.0, 1606.0, 1623.0, 1666.0
0.6976981351981353,1, 505.0, 1809.0, 0.039, 505.0, 506.0, 510.0, 1812.0, 1797.0, 1799.0
0.875,1, 567.0, 1645.0, 0.04, 569.0, 547.0, 528.0, 1647.0, 1643.0, 1611.0
0.05963228348710511,3, 514.0, 1691.3333333333333, 0.03, 514.0, 512.0, 509.6666666666667, 1691.3333333333333, 1694.3333333333333, 1707.6666666666667
0.016722408026755852,4, 606.0, 1697.5, 0.05025, 605.0, 609.25, 602.0, 1697.75, 1690.5, 1680.75
0.03986826139712255,2, 530.0, 1560.5, 0.045, 531.0, 528.5, 512.5, 1588.0, 1488.5, 1485.5
0.06119523026890933,1, 531.0, 1764.0, 0.059, 544.0, 488.0, 487.0, 1794.0, 1715.0, 1723.0
0.9915014164305949,2, 533.5, 1666.5, 0.0295, 533.5, 526.5, 519.0, 1666.5, 1668.5, 1666.5
0.2583779621670076,2, 562.5, 1784.5, 0.04, 563.5, 568.5, 701.0, 1789.5, 1785.5, 1946.5
0.051490514905149054,5, 540.8, 1630.8, 0.0442, 543.0, 535.2, 526.8, 1633.2, 1620.0, 1610.8
