0.0,1, 462.0, 1805.0, 0.06, 462.0, 461.0, 454.0, 1801.0, 1744.0, 1678.0
0.43643745749829993,1, 461.0, 1481.0, 0.19, 426.0, 456.0, 453.0, 952.0, 1311.0, 1543.0
0.4304347826086956,4, 125.5, 501.875, 0.0399375, 115.8125, 114.625, 118.3125, 496.5625, 478.0625, 494.75
0.07261164901661495,1, 474.0, 1816.0, 0.17, 484.0, 468.0, 460.0, 1755.0, 1847.0, 1631.0
0.28797816531883524,34, 16.539792387543255, 44.15484429065744, 0.0035250865051903117, 16.674740484429066, 17.10813148788927, 17.76903114186851, 38.53114186851211, 33.87629757785467, 33.22491349480969
0.9056603773584906,11, 48.413223140495866, 147.61157024793388, 0.007355371900826447, 47.66942148760331, 46.9504132231405, 49.347107438016536, 143.88429752066116, 128.48760330578511, 124.70247933884298
1.0,1, 508.0, 1299.0, 0.08, 527.0, 533.0, 543.0, 1184.0, 978.0, 944.0
0.16129032258064516,1, 510.0, 1792.0, 0.04, 510.0, 508.0, 486.0, 1792.0, 1724.0, 1695.0
0.20833333333333334,2, 248.5, 933.5, 0.037500000000000006, 249.0, 257.25, 261.25, 919.25, 847.0, 802.75
0.4827586206896552,1, 510.0, 1354.0, 0.11, 508.0, 494.0, 516.0, 999.0, 765.0, 832.0
0.26754289597142034,25, 22.630399999999998, 61.867200000000004, 0.004275200000000002, 22.8384, 22.608, 23.062399999999997, 56.3392, 51.9072, 52.6272
0.11904761904761904,1, 547.0, 1533.0, 0.061, 553.0, 592.0, 615.0, 1500.0, 1235.0, 1050.0
0.23226773226773229,1, 483.0, 1751.0, 0.109, 467.0, 478.0, 482.0, 1569.0, 1440.0, 1341.0
0.5145823094171409,1, 526.0, 1627.0, 0.13, 500.0, 524.0, 527.0, 1301.0, 1013.0, 872.0
0.11518225545177777,1, 450.0, 2079.0, 0.091, 437.0, 423.0, 401.0, 2087.0, 2017.0, 1918.0
0.4857142857142857,2, 201.5, 1011.25, 0.056999999999999995, 209.0, 215.75, 220.0, 992.75, 902.25, 792.75
0.1875,1, 612.0, 1344.0, 0.11, 537.0, 602.0, 636.0, 1066.0, 850.0, 943.0
0.3858168631654727,1, 522.0, 1813.0, 0.051, 522.0, 520.0, 670.0, 1813.0, 1838.0, 1880.0
0.9324324324324325,1, 511.0, 1584.0, 0.1, 499.0, 524.0, 541.0, 1500.0, 1222.0, 1244.0
0.6666666666666666,2, 275.5, 757.25, 0.03975, 293.5, 266.25, 267.0, 813.75, 668.25, 599.75
0.22993864229373032,1, 455.0, 1685.0, 0.09, 455.0, 457.0, 500.0, 1685.0, 1471.0, 1492.0
0.9901960784313726,5, 94.56, 344.36, 0.027680000000000003, 93.84, 98.52000000000001, 104.2, 308.68, 251.32, 248.32
0.989451476793249,10, 54.760000000000005, 155.31, 0.0128, 54.46, 51.44, 53.36, 140.3, 121.75, 122.7
0.43993552669005404,2, 244.0, 964.5, 0.08249999999999999, 253.75, 263.5, 268.75, 932.25, 811.75, 750.25
0.9985696771557009,2, 265.25, 949.0, 0.07725, 239.0, 245.5, 244.25, 831.0, 720.5, 678.0
0.01825117263784198,2, 250.75, 870.0, 0.03775, 252.0, 255.0, 265.75, 862.0, 973.0, 1114.75
0.047573739295908656,6, 82.55555555555556, 262.19444444444446, 0.012694444444444444, 80.88888888888889, 83.41666666666667, 88.3888888888889, 249.05555555555554, 196.91666666666666, 180.13888888888889
0.5714285714285714,1, 396.0, 2438.0, 0.081, 428.0, 562.0, 693.0, 2456.0, 2409.0, 2294.0
0.9199999999999999,5, 96.24, 327.12, 0.023280000000000002, 97.92, 100.4, 103.47999999999999, 286.15999999999997, 231.88000000000002, 218.92
0.4699356283782079,1, 538.0, 1257.0, 0.11, 569.0, 632.0, 620.0, 1162.0, 1144.0, 1446.0
0.25,1, 528.0, 1349.0, 0.111, 575.0, 564.0, 488.0, 2182.0, 1742.0, 1557.0
0.4888888888888889,3, 165.66666666666666, 603.7777777777777, 0.06988888888888889, 165.77777777777777, 168.0, 169.0, 547.0, 518.8888888888889, 482.1111111111111
0.11457431215500621,5, 101.4, 364.6, 0.038400000000000004, 98.52000000000001, 96.52000000000001, 95.12, 336.84000000000003, 269.88, 246.44
0.8189551750463518,2, 253.0, 834.25, 0.045000000000000005, 257.75, 253.75, 247.75, 838.5, 772.0, 745.75
0.8583333333333334,1, 488.0, 1816.0, 0.04, 488.0, 487.0, 483.0, 1816.0, 1689.0, 1756.0
0.7924477861944679,4, 140.0, 478.3125, 0.045, 136.875, 137.5, 136.8125, 453.6875, 410.5625, 354.875
0.9558498896247241,1, 455.0, 1300.0, 0.05, 459.0, 475.0, 498.0, 1430.0, 1095.0, 926.0
0.0461236316271587,3, 154.88888888888889, 573.7777777777777, 0.06777777777777778, 153.11111111111111, 153.44444444444443, 169.88888888888889, 452.0, 395.5555555555556, 472.8888888888889
0.09613819705639245,3, 174.2222222222222, 507.3333333333333, 0.02766666666666667, 172.66666666666666, 169.88888888888889, 181.44444444444446, 471.6666666666667, 434.6666666666667, 471.5555555555556
0.8685759145912924,4, 122.375, 327.0625, 0.022625000000000003, 121.1875, 127.0625, 137.75, 291.4375, 239.75, 257.5
0.16366612111292964,2, 268.0, 1011.0, 0.09475, 236.5, 242.25, 264.25, 896.5, 781.25, 804.0
0.34014806386840046,1, 552.0, 1455.0, 0.04, 552.0, 538.0, 513.0, 1455.0, 1434.0, 1417.0
0.39601850516956444,1, 507.0, 1583.0, 0.09, 514.0, 495.0, 450.0, 1514.0, 1437.0, 1472.0
0.3975563909774436,3, 176.0, 532.3333333333334, 0.033555555555555554, 176.33333333333334, 172.11111111111111, 172.66666666666666, 479.3333333333333, 452.22222222222223, 468.0
0.9886561954624782,1, 599.0, 1945.0, 0.121, 439.0, 423.0, 417.0, 1814.0, 1620.0, 1502.0
0.08950545727963642,6, 94.80555555555556, 265.9166666666667, 0.016055555555555556, 91.91666666666667, 97.66666666666667, 101.25, 252.58333333333334, 248.2777777777778, 257.4166666666667
0.9,5, 107.0, 335.44, 0.020800000000000003, 101.36, 102.88, 113.24000000000001, 297.32, 275.04, 304.96
0.14556962025316456,1, 539.0, 1789.0, 0.17, 535.0, 480.0, 416.0, 1647.0, 1675.0, 1832.0
0.03540179922937689,1, 562.0, 1558.0, 0.059, 559.0, 519.0, 503.0, 1559.0, 1506.0, 1476.0
0.9768518518518519,3, 215.33333333333334, 521.3333333333334, 0.021222222222222222, 217.2222222222222, 162.33333333333334, 169.11111111111111, 530.8888888888889, 442.0, 412.22222222222223
0.2582808742897702,1, 587.0, 1861.0, 0.04, 587.0, 602.0, 622.0, 1861.0, 1946.0, 2002.0
0.853299856527977,2, 265.5, 856.25, 0.06999999999999999, 254.25, 252.25, 268.5, 813.25, 729.0, 687.5
0.1721311475409836,1, 500.0, 1519.0, 0.05, 500.0, 538.0, 599.0, 1519.0, 1351.0, 1299.0
0.01737228245385574,1, 476.0, 2147.0, 0.09, 438.0, 418.0, 404.0, 2137.0, 1820.0, 1540.0
0.0662940654052643,1, 521.0, 1803.0, 0.26, 479.0, 453.0, 466.0, 1632.0, 1664.0, 1535.0
0.09401709401709402,1, 448.0, 1946.0, 0.059, 449.0, 467.0, 543.0, 1947.0, 1896.0, 1871.0
0.018518518518518517,1, 494.0, 2023.0, 0.181, 449.0, 421.0, 419.0, 1418.0, 1604.0, 1730.0
0.002472799208704253,3, 168.88888888888889, 507.4444444444444, 0.01666666666666667, 166.66666666666666, 172.11111111111111, 172.7777777777778, 508.1111111111111, 485.8888888888889, 465.8888888888889
0.7004124065641378,3, 167.44444444444443, 611.4444444444445, 0.030111111111111113, 168.11111111111111, 173.2222222222222, 181.55555555555554, 578.3333333333334, 529.3333333333334, 511.0
0.3468338725085468,2, 242.5, 867.25, 0.09, 272.25, 268.75, 270.5, 822.25, 749.5, 649.0
0.044642857142857144,2, 248.75, 1049.5, 0.04475, 250.0, 244.0, 241.5, 1026.25, 1017.5, 1001.75
0.7252567693744165,1, 628.0, 1453.0, 0.09, 623.0, 503.0, 447.0, 1437.0, 1077.0, 1061.0
0.5591230662924629,1, 522.0, 1785.0, 0.08, 523.0, 497.0, 487.0, 1800.0, 1668.0, 1606.0
0.003323262839879154,3, 159.0, 667.1111111111111, 0.03911111111111111, 152.22222222222223, 145.0, 140.0, 689.6666666666666, 675.4444444444445, 652.5555555555555
0.5,1, 493.0, 1686.0, 0.129, 496.0, 487.0, 501.0, 1580.0, 1320.0, 1216.0
0.20978831347592225,1, 555.0, 1630.0, 0.061, 557.0, 554.0, 579.0, 1631.0, 1701.0, 1879.0
0.30319148936170215,1, 592.0, 1858.0, 0.08, 562.0, 550.0, 530.0, 1666.0, 1282.0, 1059.0
0.8914565826330532,2, 270.75, 610.5, 0.055, 269.25, 272.75, 281.75, 650.25, 491.25, 516.5
0.8333333333333333,1, 504.0, 1607.0, 0.089, 471.0, 480.0, 518.0, 1458.0, 1216.0, 1151.0
0.037286724927174365,1, 515.0, 1451.0, 0.111, 488.0, 541.0, 580.0, 1198.0, 1083.0, 1239.0
0.5286233530213539,1, 444.0, 2302.0, 0.05, 444.0, 406.0, 404.0, 2302.0, 2213.0, 2159.0
0.875,1, 509.0, 1781.0, 0.141, 481.0, 483.0, 511.0, 1748.0, 1660.0, 1664.0
0.05963228348710511,3, 174.44444444444446, 589.4444444444445, 0.042222222222222223, 173.2222222222222, 168.22222222222223, 172.0, 503.77777777777777, 417.3333333333333, 406.0
0.3638457203316736,2, 215.0, 858.0, 0.0675, 228.5, 231.5, 270.5, 703.0, 529.5, 565.25
0.03986826139712255,1, 571.0, 1795.0, 0.21, 583.0, 538.0, 558.0, 1480.0, 1140.0, 1263.0
0.9915014164305949,1, 445.0, 1932.0, 0.03, 445.0, 441.0, 440.0, 1932.0, 1925.0, 1926.0
