0.0,2, 258.75, 1120.0, 0.02, 259.0, 258.75, 258.0, 1118.25, 1153.25, 1160.75
0.28797816531883524,80, 7.13984375, 27.061093749999998, 0.0006342187499999996, 7.24890625, 7.163437500000001, 7.13203125, 27.04140625, 28.1896875, 29.51484375
1.0,1, 607.0, 1850.0, 0.051, 605.0, 590.0, 557.0, 1827.0, 1872.0, 2043.0
0.02082912411450186,2, 247.75, 1169.75, 0.02025, 246.0, 254.5, 255.5, 1166.75, 1187.0, 1188.25
0.43643745749829993,1, 499.0, 2125.0, 0.05, 509.0, 487.0, 487.0, 2097.0, 2181.0, 2264.0
0.4949186991869919,1, 566.0, 1883.0, 0.05, 541.0, 567.0, 557.0, 1923.0, 1861.0, 1855.0
0.4304347826086956,7, 83.40816326530613, 289.6734693877551, 0.006122448979591836, 82.42857142857143, 84.18367346938776, 82.48979591836735, 288.9795918367347, 294.18367346938777, 304.7142857142857
0.07261164901661495,5, 108.12, 434.23999999999995, 0.008759999999999999, 107.92, 105.96, 100.52000000000001, 436.71999999999997, 431.76000000000005, 439.84
0.3333333333333333,9, 75.96296296296296, 220.62962962962965, 0.008641975308641976, 75.48148148148148, 76.08641975308643, 73.38271604938272, 218.69135802469134, 229.97530864197532, 252.77777777777777
0.320503682584937,1, 579.0, 2170.0, 0.06, 586.0, 565.0, 569.0, 2129.0, 2226.0, 2121.0
0.20833333333333334,1, 444.0, 1989.0, 0.04, 444.0, 439.0, 432.0, 1988.0, 1986.0, 1953.0
0.4827586206896552,1, 698.0, 2078.0, 0.051, 688.0, 676.0, 621.0, 2061.0, 1897.0, 2036.0
0.26754289597142034,109, 5.163370086693039, 19.466038212271695, 0.0003924753808601968, 5.200909014392728, 5.087618887299048, 4.9053110007575125, 19.393401228852788, 19.77855399377157, 20.155963302752294
0.23226773226773229,3, 185.7777777777778, 659.2222222222223, 0.012222222222222225, 186.0, 184.66666666666666, 182.2222222222222, 658.2222222222223, 667.2222222222223, 680.3333333333334
0.5145823094171409,1, 540.0, 2113.0, 0.059, 523.0, 543.0, 530.0, 2102.0, 2163.0, 2274.0
0.4473684210526316,6, 99.05555555555556, 356.0555555555556, 0.005833333333333334, 98.97222222222223, 86.25, 83.66666666666667, 354.1944444444444, 354.8055555555556, 355.4166666666667
0.11904761904761904,5, 115.35999999999999, 406.36, 0.011120000000000001, 118.64000000000001, 113.75999999999999, 109.12, 405.32, 413.96000000000004, 430.2
0.1875,3, 177.7777777777778, 726.2222222222222, 0.014444444444444446, 176.33333333333334, 175.88888888888889, 172.7777777777778, 724.8888888888888, 733.3333333333334, 739.6666666666666
0.8685759145912924,6, 89.0, 366.8333333333333, 0.005555555555555556, 88.94444444444444, 88.30555555555556, 86.58333333333333, 366.3888888888889, 373.0555555555556, 381.3333333333333
0.9056603773584906,18, 30.537037037037035, 118.7283950617284, 0.002432098765432099, 30.530864197530864, 30.11728395061728, 29.212962962962965, 118.35185185185186, 120.97530864197532, 124.11111111111111
-0.0032147828574918907,1, 543.0, 2422.0, 0.04, 543.0, 553.0, 539.0, 2422.0, 2419.0, 2398.0
0.3858168631654727,3, 183.55555555555554, 735.4444444444445, 0.01888888888888889, 188.0, 181.33333333333334, 175.88888888888889, 709.0, 768.3333333333334, 773.6666666666666
0.9324324324324325,5, 113.67999999999999, 387.91999999999996, 0.01196, 113.0, 113.92, 108.24000000000001, 382.15999999999997, 400.0, 418.71999999999997
0.6666666666666666,1, 522.0, 2135.0, 0.031, 522.0, 518.0, 515.0, 2135.0, 2169.0, 2212.0
0.037286724927174365,13, 41.15976331360947, 163.64497041420117, 0.0042544378698224855, 41.36094674556213, 40.23668639053255, 39.73372781065089, 162.37278106508876, 164.54437869822485, 164.53254437869825
0.22993864229373032,2, 285.0, 1144.25, 0.03025, 284.5, 276.25, 261.5, 1158.5, 1161.25, 1190.75
0.7529680365296804,2, 299.5, 1061.25, 0.03775, 292.75, 302.5, 296.5, 1082.5, 1075.75, 1161.75
0.3638457203316736,2, 288.75, 931.5, 0.0225, 287.75, 291.0, 287.0, 926.75, 949.5, 984.5
0.43993552669005404,2, 263.0, 1100.75, 0.0225, 263.75, 256.0, 239.5, 1084.0, 1148.5, 1165.5
0.06097560975609756,1, 499.0, 2042.0, 0.059, 500.0, 496.0, 500.0, 2003.0, 2110.0, 2352.0
0.9901960784313726,2, 262.5, 1029.25, 0.0175, 263.0, 259.25, 255.0, 1027.5, 1052.75, 1066.5
0.9,14, 36.21938775510204, 158.76020408163268, 0.00435204081632653, 36.62244897959183, 35.464285714285715, 33.85204081632653, 156.2704081632653, 162.53061224489798, 165.70408163265304
0.989451476793249,2, 272.75, 1042.75, 0.01975, 273.5, 267.75, 262.75, 1042.0, 1049.5, 1055.5
0.9985696771557009,2, 251.5, 1036.75, 0.02, 251.0, 250.25, 246.75, 1025.25, 1066.0, 1115.25
0.16866374487131666,2, 293.0, 1023.25, 0.02725, 286.5, 298.5, 293.0, 1013.75, 1043.5, 1087.5
0.047573739295908656,1, 498.0, 2111.0, 0.04, 498.0, 491.0, 508.0, 2109.0, 2133.0, 2146.0
0.9199999999999999,2, 242.25, 1131.5, 0.02225, 240.0, 248.25, 253.0, 1117.0, 1140.25, 1112.0
0.4699356283782079,5, 105.16, 453.96000000000004, 0.010759999999999999, 104.75999999999999, 103.84, 101.24, 451.0, 463.68, 475.36
0.25,1, 624.0, 1919.0, 0.04, 622.0, 640.0, 641.0, 1930.0, 1904.0, 1934.0
0.4888888888888889,4, 147.3125, 523.5, 0.018062500000000002, 144.0625, 150.6875, 146.25, 522.8125, 528.875, 564.1875
0.11457431215500621,2, 282.75, 1131.25, 0.01975, 281.25, 286.75, 283.0, 1130.25, 1150.5, 1175.0
0.5232058376276886,5, 113.04, 404.08000000000004, 0.01164, 112.2, 114.16, 113.08, 399.88, 414.28000000000003, 431.08000000000004
0.24169246646026832,2, 274.5, 1035.75, 0.025, 275.0, 267.5, 254.5, 1021.25, 1068.0, 1110.5
0.7924477861944679,2, 296.0, 1132.5, 0.029750000000000002, 291.0, 292.25, 274.75, 1138.0, 1124.25, 1129.0
0.029940119760479042,9, 61.98765432098766, 220.30864197530866, 0.007185185185185187, 61.888888888888886, 61.25925925925927, 57.64197530864198, 218.35802469135803, 224.2962962962963, 231.04938271604937
0.03540179922937689,1, 533.0, 1986.0, 0.05, 530.0, 533.0, 523.0, 1968.0, 2036.0, 2131.0
0.0461236316271587,2, 277.75, 1079.0, 0.02225, 277.0, 290.0, 291.5, 1080.0, 1081.5, 1100.5
0.09613819705639245,4, 147.25, 548.875, 0.0125, 148.6875, 141.5, 133.875, 541.9375, 562.9375, 574.9375
0.0664819944598338,2, 260.0, 905.0, 0.025, 261.5, 253.75, 244.25, 897.25, 921.0, 947.5
0.9768518518518519,7, 81.67346938775509, 282.18367346938777, 0.007551020408163266, 80.42857142857143, 81.95918367346938, 76.83673469387756, 282.53061224489795, 290.63265306122446, 309.0816326530612
0.16366612111292964,1, 555.0, 2070.0, 0.051, 561.0, 548.0, 525.0, 2058.0, 2076.0, 2060.0
0.34014806386840046,1, 513.0, 2328.0, 0.04, 514.0, 508.0, 501.0, 2323.0, 2395.0, 2468.0
0.21055693545331977,3, 191.0, 662.8888888888889, 0.023222222222222224, 189.55555555555554, 188.7777777777778, 180.33333333333334, 660.7777777777777, 673.0, 711.6666666666666
0.09732706075762634,6, 85.3611111111111, 338.61111111111114, 0.007777777777777778, 85.3611111111111, 84.0, 80.0, 336.55555555555554, 341.8333333333333, 341.5555555555556
0.39601850516956444,2, 268.75, 1112.75, 0.0275, 255.0, 277.75, 267.0, 1118.75, 1153.5, 1188.0
0.14556962025316456,2, 270.0, 1100.75, 0.02025, 271.25, 267.0, 259.5, 1085.25, 1126.5, 1113.5
0.08250825082508251,4, 148.0, 543.5, 0.0119375, 148.0, 146.125, 141.9375, 542.375, 550.0625, 563.9375
0.853299856527977,1, 536.0, 2043.0, 0.06, 538.0, 521.0, 496.0, 2037.0, 2086.0, 2230.0
0.01737228245385574,9, 63.60493827160494, 208.96296296296296, 0.005666666666666666, 63.72839506172839, 61.97530864197532, 58.20987654320988, 209.08641975308643, 212.62962962962965, 223.8148148148148
0.0662940654052643,2, 307.0, 1125.25, 0.023, 307.25, 304.25, 297.75, 1119.25, 1141.25, 1189.75
0.018518518518518517,3, 187.0, 686.4444444444445, 0.017666666666666667, 189.88888888888889, 182.7777777777778, 180.33333333333334, 684.8888888888888, 697.8888888888888, 710.1111111111112
0.002472799208704253,4, 139.4375, 518.5625, 0.0105, 140.75, 137.125, 135.8125, 511.5625, 525.9375, 514.9375
0.7004124065641378,22, 24.214876033057852, 101.16735537190083, 0.0018409090909090912, 24.252066115702476, 23.855371900826448, 23.40909090909091, 100.70247933884298, 102.6301652892562, 103.11776859504131
0.3468338725085468,5, 112.92, 422.16, 0.00996, 113.04, 111.24000000000001, 107.72, 417.96000000000004, 429.0, 442.76000000000005
0.5555555555555556,2, 257.25, 1046.75, 0.02, 257.5, 255.25, 256.75, 1046.0, 1047.75, 1026.5
0.08950545727963642,6, 90.8611111111111, 377.77777777777777, 0.005833333333333334, 90.80555555555556, 92.52777777777777, 94.27777777777777, 377.6666666666667, 376.6944444444444, 370.9444444444444
0.044642857142857144,1, 638.0, 2150.0, 0.06, 621.0, 648.0, 569.0, 2086.0, 2296.0, 2433.0
0.7252567693744165,2, 281.25, 1011.75, 0.02225, 277.0, 276.25, 264.0, 1004.5, 1033.75, 1089.75
0.5591230662924629,4, 138.3125, 544.1875, 0.0124375, 146.5625, 137.75, 133.3125, 569.75, 555.6875, 563.5
0.003323262839879154,1, 716.0, 1345.0, 0.031, 716.0, 720.0, 725.0, 1345.0, 1362.0, 1380.0
0.0847457627118644,4, 134.9375, 543.8125, 0.009375, 134.625, 134.5, 133.0625, 539.25, 549.8125, 551.25
0.9090909090909091,1, 574.0, 2277.0, 0.03, 574.0, 558.0, 537.0, 2277.0, 2282.0, 2273.0
0.30319148936170215,1, 556.0, 2098.0, 0.04, 553.0, 574.0, 588.0, 2088.0, 2169.0, 2193.0
0.8914565826330532,1, 541.0, 2173.0, 0.06, 543.0, 534.0, 496.0, 2113.0, 2211.0, 2346.0
0.5714285714285714,8, 67.578125, 248.71875, 0.007828125, 67.1875, 66.875, 63.53125, 248.8125, 252.078125, 263.140625
0.5286233530213539,1, 550.0, 2093.0, 0.061, 553.0, 540.0, 510.0, 2097.0, 2150.0, 2265.0
0.0054466230936819175,1, 609.0, 1880.0, 0.059, 599.0, 607.0, 544.0, 1870.0, 1936.0, 2108.0
0.5,1, 586.0, 2144.0, 0.051, 571.0, 600.0, 566.0, 2141.0, 2172.0, 2242.0
0.6976981351981353,3, 186.55555555555554, 746.2222222222222, 0.014222222222222221, 188.66666666666666, 191.88888888888889, 184.55555555555554, 766.1111111111112, 790.7777777777778, 811.1111111111112
0.016722408026755852,2, 288.75, 987.25, 0.02975, 288.25, 283.5, 276.5, 973.75, 1020.25, 1057.25
0.007246376811594203,4, 138.4375, 578.875, 0.0150625, 135.0, 138.0, 129.5625, 580.6875, 569.5, 606.9375
0.41485001407712074,1, 550.0, 1890.0, 0.05, 545.0, 556.0, 551.0, 1867.0, 1946.0, 2027.0
0.03986826139712255,1, 646.0, 1935.0, 0.07, 643.0, 629.0, 548.0, 1925.0, 1963.0, 2026.0
0.9915014164305949,1, 572.0, 1920.0, 0.049, 572.0, 571.0, 541.0, 1905.0, 1958.0, 2043.0
0.2583779621670076,1, 563.0, 2061.0, 0.05, 570.0, 553.0, 510.0, 2026.0, 2148.0, 2261.0
0.051490514905149054,1, 512.0, 2029.0, 0.04, 511.0, 510.0, 500.0, 2020.0, 2081.0, 1997.0
