0.0,3, 202.44444444444446, 699.6666666666666, 0.025555555555555557, 201.11111111111111, 200.7777777777778, 263.22222222222223, 674.6666666666666, 778.1111111111112, 843.0
0.26754289597142034,79, 7.875020028841532, 25.269027399455215, 0.0007157506809806121, 7.844896651177696, 7.529883031565455, 7.172888960102548, 25.55776317897773, 26.94151578272713, 28.13010735459061
0.28797816531883524,41, 14.600237953599049, 46.387269482450925, 0.0013372992266508033, 14.461629982153479, 13.988697204045211, 13.433075550267697, 47.73170731707317, 50.86377156454492, 52.943486020226054
1.0,3, 210.7777777777778, 580.1111111111111, 0.01666666666666667, 208.33333333333334, 197.44444444444446, 193.0, 583.6666666666666, 623.0, 663.4444444444445
0.43643745749829993,3, 190.88888888888889, 687.0, 0.021111111111111112, 188.11111111111111, 180.66666666666666, 206.0, 700.3333333333334, 731.2222222222222, 769.5555555555555
0.4949186991869919,1, 657.0, 1860.0, 0.05, 657.0, 619.0, 575.0, 1860.0, 1932.0, 1984.0
0.989451476793249,2, 318.5, 902.25, 0.0325, 316.25, 311.75, 292.25, 879.25, 945.75, 965.5
0.20833333333333334,9, 69.38271604938272, 209.98765432098764, 0.009604938271604937, 67.46913580246913, 63.333333333333336, 57.20987654320988, 219.07407407407408, 233.32098765432096, 242.58024691358025
0.3333333333333333,9, 67.38271604938272, 202.53086419753086, 0.005049382716049383, 67.02469135802468, 63.41975308641976, 60.48148148148149, 204.06172839506175, 214.74074074074076, 221.76543209876544
0.11904761904761904,39, 14.447731755424062, 51.43063773833005, 0.0012255095332018412, 14.316239316239317, 13.629191321499015, 13.084812623274162, 51.80736357659435, 53.533201840894144, 54.492439184746885
0.23226773226773229,3, 212.66666666666666, 634.1111111111111, 0.021111111111111112, 210.66666666666666, 205.33333333333334, 199.0, 648.1111111111111, 682.2222222222223, 695.1111111111112
0.11518225545177777,4, 176.0, 418.4375, 0.0250625, 167.625, 150.25, 132.125, 447.125, 483.1875, 503.5
0.4857142857142857,1, 706.0, 2111.0, 0.08, 698.0, 684.0, 595.0, 2110.0, 2088.0, 2139.0
0.1875,5, 123.12, 389.12, 0.01116, 122.35999999999999, 114.75999999999999, 107.0, 392.44, 410.08000000000004, 424.32
0.9558498896247241,2, 348.75, 1063.0, 0.04, 347.5, 323.5, 281.75, 1069.75, 1111.75, 1163.25
0.3638457203316736,2, 282.5, 920.5, 0.015, 282.5, 278.75, 274.25, 920.5, 931.75, 942.5
0.43993552669005404,3, 210.2222222222222, 659.7777777777777, 0.02022222222222222, 207.88888888888889, 193.88888888888889, 187.88888888888889, 672.7777777777777, 712.5555555555555, 746.2222222222222
0.06097560975609756,4, 161.4375, 472.8125, 0.0169375, 158.9375, 144.5625, 131.25, 485.6875, 531.875, 568.0625
0.9901960784313726,12, 51.38194444444445, 161.15277777777777, 0.003534722222222222, 51.291666666666664, 48.97222222222222, 46.888888888888886, 161.60416666666666, 164.47222222222223, 166.09027777777777
0.01825117263784198,1, 608.0, 1949.0, 0.049, 608.0, 576.0, 556.0, 1949.0, 2017.0, 2063.0
0.8685759145912924,7, 84.42857142857143, 315.734693877551, 0.005693877551020409, 84.42857142857143, 78.77551020408164, 74.18367346938776, 315.57142857142856, 320.2857142857143, 325.46938775510205
0.047573739295908656,4, 147.4375, 513.875, 0.009250000000000001, 147.4375, 143.0625, 136.0625, 513.875, 532.25, 542.875
0.4304347826086956,10, 57.06, 211.29000000000002, 0.004999999999999999, 56.82000000000001, 55.54, 54.65, 211.70999999999998, 216.95, 219.78000000000003
0.5714285714285714,6, 105.44444444444444, 296.97222222222223, 0.013333333333333334, 102.8611111111111, 93.5, 84.08333333333333, 307.63888888888886, 329.55555555555554, 345.5833333333333
0.3169086541174173,1, 600.0, 2089.0, 0.051, 600.0, 543.0, 481.0, 2089.0, 2188.0, 2288.0
0.25,4, 161.25, 472.25, 0.0130625, 160.5625, 148.6875, 140.5625, 474.75, 505.6875, 523.9375
0.4888888888888889,6, 107.0, 324.80555555555554, 0.008055555555555557, 106.91666666666667, 101.58333333333333, 92.05555555555556, 321.77777777777777, 338.72222222222223, 346.5
0.11457431215500621,1, 540.0, 1927.0, 0.03, 540.0, 538.0, 536.0, 1927.0, 1962.0, 1991.0
0.004,2, 359.25, 990.5, 0.035, 368.75, 319.5, 290.75, 1048.0, 1031.0, 1033.0
0.8189551750463518,1, 531.0, 1958.0, 0.03, 531.0, 522.0, 512.0, 1958.0, 1993.0, 2022.0
0.8583333333333334,3, 236.2222222222222, 551.7777777777777, 0.022333333333333334, 231.33333333333334, 207.88888888888889, 188.0, 564.4444444444445, 612.0, 662.3333333333334
0.7924477861944679,1, 605.0, 1738.0, 0.06, 602.0, 561.0, 502.0, 1747.0, 2044.0, 2358.0
0.851063829787234,1, 732.0, 1673.0, 0.13, 699.0, 662.0, 574.0, 1949.0, 2048.0, 2184.0
0.03540179922937689,2, 339.5, 785.25, 0.03775, 334.75, 313.0, 284.5, 826.0, 941.0, 1024.75
0.0461236316271587,2, 316.0, 1027.25, 0.04, 313.25, 292.25, 245.25, 1072.0, 1114.0, 1133.25
0.09613819705639245,3, 198.11111111111111, 643.5555555555555, 0.016777777777777777, 197.44444444444446, 187.33333333333334, 182.44444444444446, 646.3333333333334, 687.2222222222222, 703.4444444444445
0.0664819944598338,1, 677.0, 1692.0, 0.089, 676.0, 661.0, 645.0, 1762.0, 1829.0, 1966.0
0.9768518518518519,6, 99.8888888888889, 328.02777777777777, 0.005805555555555556, 99.8888888888889, 95.44444444444444, 91.47222222222223, 328.02777777777777, 335.8333333333333, 343.6111111111111
0.9,8, 72.421875, 248.96875, 0.0078125, 71.234375, 68.21875, 65.4375, 251.6875, 260.65625, 267.28125
0.16366612111292964,2, 304.5, 955.25, 0.035250000000000004, 297.75, 279.75, 275.0, 971.25, 1028.25, 962.5
0.34014806386840046,1, 605.0, 1815.0, 0.03, 605.0, 599.0, 591.0, 1815.0, 1843.0, 1869.0
0.8166666666666667,2, 298.75, 1023.75, 0.02, 298.75, 283.75, 268.5, 1023.75, 1059.75, 1092.75
0.39601850516956444,2, 327.25, 974.75, 0.025, 336.0, 321.75, 297.25, 1020.25, 1011.75, 1038.0
0.3975563909774436,1, 686.0, 1623.0, 0.109, 635.0, 581.0, 533.0, 1771.0, 1890.0, 1835.0
0.21524064171122995,1, 651.0, 1961.0, 0.04, 651.0, 612.0, 569.0, 1961.0, 2027.0, 2088.0
0.08950545727963642,4, 157.5, 487.125, 0.014375, 154.75, 144.0, 134.0, 497.9375, 520.125, 548.0625
0.14556962025316456,6, 107.52777777777777, 336.47222222222223, 0.00938888888888889, 107.05555555555556, 102.08333333333333, 94.27777777777777, 336.22222222222223, 343.8611111111111, 351.4166666666667
0.06573290878638645,3, 220.33333333333334, 618.0, 0.01888888888888889, 218.55555555555554, 208.66666666666666, 195.44444444444446, 621.4444444444445, 645.5555555555555, 661.4444444444445
0.2582808742897702,1, 602.0, 1732.0, 0.07, 599.0, 577.0, 532.0, 1778.0, 1928.0, 1990.0
0.08250825082508251,1, 671.0, 1762.0, 0.08, 655.0, 622.0, 583.0, 1823.0, 2032.0, 2198.0
0.853299856527977,3, 206.33333333333334, 640.7777777777777, 0.01577777777777778, 205.2222222222222, 199.7777777777778, 192.33333333333334, 646.2222222222223, 657.3333333333334, 662.4444444444445
0.01737228245385574,1, 561.0, 1992.0, 0.04, 561.0, 516.0, 485.0, 1992.0, 2034.0, 2073.0
0.0662940654052643,4, 161.0, 522.8125, 0.016875, 158.0625, 149.625, 138.25, 526.4375, 547.625, 556.1875
0.20978831347592225,1, 639.0, 1885.0, 0.101, 638.0, 605.0, 523.0, 2016.0, 2197.0, 2366.0
0.09401709401709402,7, 89.85714285714286, 252.20408163265304, 0.008142857142857143, 89.9795918367347, 86.71428571428571, 82.14285714285714, 257.83673469387753, 273.83673469387753, 292.44897959183675
0.002472799208704253,4, 150.25, 480.4375, 0.014375, 147.25, 139.5625, 137.3125, 486.625, 502.375, 515.625
0.9199999999999999,1, 681.0, 2199.0, 0.06, 675.0, 593.0, 563.0, 2203.0, 2246.0, 2236.0
0.3468338725085468,5, 121.32000000000001, 393.24, 0.014000000000000002, 120.92, 110.2, 103.16, 425.28000000000003, 448.2, 467.52
0.044642857142857144,4, 176.5, 418.5625, 0.020687499999999998, 175.625, 164.3125, 150.25, 431.1875, 462.875, 478.5
0.4473684210526316,3, 177.66666666666666, 730.3333333333334, 0.015555555555555557, 177.66666666666666, 174.0, 170.33333333333334, 731.0, 743.2222222222222, 761.1111111111112
0.5591230662924629,1, 658.0, 1698.0, 0.109, 615.0, 605.0, 541.0, 1798.0, 1821.0, 2052.0
0.0847457627118644,6, 105.05555555555556, 326.0833333333333, 0.011444444444444445, 104.02777777777777, 98.1111111111111, 93.44444444444444, 337.63888888888886, 362.47222222222223, 375.02777777777777
0.9090909090909091,2, 391.5, 831.5, 0.03975, 371.25, 326.25, 274.0, 892.5, 952.5, 1015.75
0.30319148936170215,4, 158.625, 485.5625, 0.0094375, 158.625, 152.75, 147.5, 485.5625, 490.5, 500.6875
0.8914565826330532,1, 701.0, 2522.0, 0.11, 630.0, 588.0, 556.0, 2545.0, 2897.0, 2832.0
0.037286724927174365,1, 585.0, 2070.0, 0.081, 569.0, 544.0, 502.0, 2159.0, 2276.0, 2332.0
0.5286233530213539,3, 216.55555555555554, 678.6666666666666, 0.019777777777777776, 215.33333333333334, 196.55555555555554, 174.88888888888889, 683.2222222222222, 719.3333333333334, 736.4444444444445
0.935483870967742,2, 298.75, 983.5, 0.02, 298.75, 285.25, 274.5, 983.5, 1018.25, 1051.0
0.5,3, 203.66666666666666, 676.6666666666666, 0.01566666666666667, 206.33333333333334, 189.33333333333334, 175.44444444444446, 698.5555555555555, 720.7777777777778, 733.6666666666666
0.6976981351981353,2, 304.5, 1086.5, 0.02225, 302.0, 285.75, 280.25, 1096.5, 1153.75, 1161.5
0.875,1, 658.0, 1788.0, 0.06, 652.0, 601.0, 523.0, 1807.0, 1974.0, 2099.0
0.05963228348710511,3, 210.2222222222222, 689.7777777777778, 0.017888888888888888, 208.66666666666666, 195.55555555555554, 180.44444444444446, 694.5555555555555, 735.0, 751.7777777777778
0.9056603773584906,1, 606.0, 2994.0, 0.03, 606.0, 599.0, 593.0, 2994.0, 2993.0, 2990.0
0.007246376811594203,1, 556.0, 1470.0, 0.04, 556.0, 527.0, 498.0, 1470.0, 1531.0, 1597.0
0.6,1, 611.0, 1974.0, 0.04, 611.0, 599.0, 590.0, 1974.0, 2039.0, 2089.0
0.41485001407712074,1, 591.0, 1950.0, 0.03, 591.0, 580.0, 568.0, 1950.0, 1983.0, 2017.0
0.03986826139712255,1, 703.0, 2009.0, 0.1, 668.0, 594.0, 511.0, 2040.0, 2197.0, 2283.0
0.45454545454545453,8, 78.5625, 211.25, 0.007375, 77.5625, 73.1875, 69.265625, 214.546875, 229.09375, 238.5625
0.9915014164305949,1, 597.0, 2016.0, 0.04, 597.0, 573.0, 553.0, 2016.0, 2044.0, 2067.0
0.051490514905149054,1, 631.0, 1924.0, 0.089, 610.0, 551.0, 481.0, 1979.0, 2093.0, 2230.0
