0.0,3, 176.7777777777778, 616.6666666666666, 0.011111111111111112, 176.7777777777778, 170.0, 164.77777777777777, 616.6666666666666, 611.3333333333334, 595.0
0.26754289597142034,79, 7.46450889280564, 23.06633552315334, 0.00040426213747796793, 7.4765261977247235, 7.364364685146612, 7.259734016984457, 23.525076109597823, 23.224002563691716, 22.927735939753244
0.28797816531883524,41, 17.5609756097561, 48.84533016061868, 0.0007870315288518743, 18.593694229625225, 18.311124330755504, 18.258774538964904, 50.75371802498513, 50.36287923854849, 49.90362879238548
1.0,3, 189.44444444444446, 618.1111111111111, 0.01, 191.11111111111111, 187.55555555555554, 185.11111111111111, 687.4444444444445, 688.2222222222222, 686.2222222222222
0.43643745749829993,3, 191.33333333333334, 626.1111111111111, 0.012222222222222223, 188.88888888888889, 194.44444444444446, 193.44444444444446, 629.0, 622.0, 620.8888888888889
0.4949186991869919,1, 659.0, 1700.0, 0.029, 659.0, 658.0, 651.0, 1700.0, 1696.0, 1687.0
0.989451476793249,2, 313.25, 815.5, 0.015, 313.25, 317.25, 321.25, 815.5, 807.25, 793.75
0.20833333333333334,9, 68.32098765432099, 211.7283950617284, 0.003962962962962963, 68.02469135802468, 69.06172839506172, 68.27160493827161, 211.74074074074076, 207.8148148148148, 203.58024691358025
0.3333333333333333,9, 62.44444444444444, 194.59259259259258, 0.003950617283950618, 62.44444444444444, 62.0, 61.1358024691358, 194.91358024691357, 193.37037037037035, 192.12345679012344
0.11904761904761904,39, 15.05654174884944, 48.84155161078238, 0.000892176199868508, 15.141354372123605, 15.216962524654832, 15.099934253780408, 49.473372781065095, 49.01643655489809, 48.481262327416175
0.23226773226773229,3, 180.33333333333334, 600.6666666666666, 0.011111111111111112, 180.2222222222222, 180.33333333333334, 179.7777777777778, 600.6666666666666, 589.5555555555555, 579.2222222222223
0.11518225545177777,4, 138.25, 452.0, 0.0081875, 138.25, 136.4375, 133.375, 452.125, 452.5, 455.0
0.4857142857142857,1, 474.0, 1856.0, 0.03, 474.0, 474.0, 475.0, 1856.0, 1848.0, 1840.0
0.1875,5, 119.24000000000001, 346.64, 0.00728, 119.2, 118.0, 116.16, 346.0, 346.28000000000003, 345.68
0.9558498896247241,2, 267.5, 918.0, 0.01475, 267.5, 266.5, 265.75, 917.75, 908.75, 898.25
0.3638457203316736,2, 276.25, 949.5, 0.0145, 276.25, 274.0, 271.75, 949.5, 931.75, 915.0
0.43993552669005404,3, 170.44444444444443, 602.4444444444445, 0.010222222222222221, 170.44444444444443, 166.44444444444443, 164.0, 602.5555555555555, 596.5555555555555, 591.1111111111111
0.06097560975609756,4, 141.125, 465.625, 0.0080625, 140.9375, 140.9375, 140.8125, 465.375, 464.5625, 461.6875
0.9901960784313726,12, 47.645833333333336, 149.60416666666666, 0.002763888888888889, 52.388888888888886, 51.97222222222222, 51.43055555555555, 159.42361111111111, 156.97916666666666, 154.02777777777777
0.01825117263784198,1, 569.0, 1932.0, 0.03, 585.0, 581.0, 577.0, 2107.0, 2113.0, 2121.0
0.8685759145912924,7, 75.10204081632652, 292.7142857142857, 0.004510204081632653, 85.51020408163265, 78.57142857142857, 70.79591836734694, 309.2244897959184, 303.46938775510205, 298.7142857142857
0.047573739295908656,4, 145.1875, 443.75, 0.007375, 159.5, 152.3125, 146.125, 521.0625, 515.625, 509.875
0.4304347826086956,10, 55.970000000000006, 197.27, 0.0035900000000000007, 58.36, 55.14, 55.05, 216.73000000000002, 212.42, 209.63000000000002
0.5714285714285714,6, 91.02777777777777, 327.8333333333333, 0.005277777777777778, 91.0, 91.0, 90.16666666666667, 327.72222222222223, 320.0, 311.86111111111114
0.3169086541174173,1, 590.0, 1841.0, 0.029, 590.0, 580.0, 565.0, 1841.0, 1837.0, 1833.0
0.25,4, 127.625, 449.8125, 0.008875000000000001, 127.6875, 128.0625, 128.0625, 462.1875, 461.375, 460.4375
0.4888888888888889,6, 88.1388888888889, 298.25, 0.006638888888888889, 87.3888888888889, 84.38888888888889, 81.33333333333333, 317.22222222222223, 302.80555555555554, 303.3333333333333
0.11457431215500621,1, 569.0, 1666.0, 0.03, 569.0, 553.0, 531.0, 1666.0, 1649.0, 1617.0
0.004,2, 259.5, 943.0, 0.015, 261.0, 252.5, 244.25, 984.25, 963.75, 946.25
0.8189551750463518,1, 1451.0, 2127.0, 0.03, 1450.0, 1252.0, 1067.0, 2127.0, 2057.0, 1913.0
0.8583333333333334,3, 172.2222222222222, 612.1111111111111, 0.012222222222222223, 173.11111111111111, 170.0, 166.77777777777777, 615.7777777777777, 604.4444444444445, 598.1111111111111
0.7924477861944679,1, 505.0, 1591.0, 0.03, 505.0, 501.0, 496.0, 1592.0, 1551.0, 1511.0
0.851063829787234,1, 514.0, 1707.0, 0.03, 514.0, 513.0, 505.0, 1707.0, 1786.0, 1861.0
0.03540179922937689,2, 286.75, 907.75, 0.015, 286.75, 282.25, 276.0, 907.75, 892.75, 875.0
0.0461236316271587,2, 236.75, 854.5, 0.025, 232.75, 251.25, 256.5, 854.25, 848.75, 807.5
0.09613819705639245,3, 185.7777777777778, 596.2222222222223, 0.01, 185.66666666666666, 183.44444444444446, 179.44444444444446, 596.2222222222223, 582.1111111111111, 567.5555555555555
0.0664819944598338,1, 498.0, 1874.0, 0.03, 498.0, 487.0, 482.0, 1874.0, 1839.0, 1818.0
0.9768518518518519,6, 90.25, 298.13888888888886, 0.005277777777777778, 90.22222222222223, 89.80555555555556, 88.91666666666667, 298.47222222222223, 290.25, 284.22222222222223
0.9,8, 71.90625, 215.9375, 0.00403125, 71.90625, 71.796875, 71.15625, 216.046875, 214.046875, 214.359375
0.16366612111292964,2, 298.25, 893.25, 0.017750000000000002, 298.25, 296.25, 290.5, 893.5, 891.5, 884.75
0.34014806386840046,1, 515.0, 1666.0, 0.031, 515.0, 506.0, 494.0, 1665.0, 1633.0, 1590.0
0.8166666666666667,2, 282.0, 842.5, 0.025, 285.25, 277.0, 278.25, 862.0, 801.0, 759.25
0.39601850516956444,2, 292.5, 855.25, 0.015, 292.5, 294.5, 295.0, 855.25, 849.5, 841.25
0.3975563909774436,1, 576.0, 2035.0, 0.03, 576.0, 583.0, 591.0, 2035.0, 2016.0, 1999.0
0.21524064171122995,1, 548.0, 1876.0, 0.03, 548.0, 539.0, 532.0, 1876.0, 1878.0, 1875.0
0.08950545727963642,4, 154.375, 501.25, 0.0075625, 154.375, 135.3125, 129.5625, 501.25, 483.0, 470.9375
0.14556962025316456,6, 90.3611111111111, 299.38888888888886, 0.004916666666666666, 90.3611111111111, 88.72222222222223, 87.27777777777777, 299.38888888888886, 296.38888888888886, 293.13888888888886
0.06573290878638645,3, 293.77777777777777, 669.0, 0.012111111111111112, 298.44444444444446, 288.77777777777777, 305.11111111111114, 687.7777777777778, 681.4444444444445, 713.8888888888888
0.2582808742897702,1, 595.0, 1610.0, 0.03, 595.0, 590.0, 578.0, 1610.0, 1598.0, 1585.0
0.08250825082508251,1, 482.0, 1795.0, 0.03, 1796.0, 1577.0, 1344.0, 2822.0, 2808.0, 2728.0
0.853299856527977,3, 296.77777777777777, 673.8888888888889, 0.012222222222222223, 294.22222222222223, 307.6666666666667, 307.77777777777777, 679.7777777777777, 658.4444444444445, 629.4444444444445
0.01737228245385574,1, 448.0, 2091.0, 0.031, 448.0, 428.0, 415.0, 2091.0, 2117.0, 2129.0
0.0662940654052643,4, 136.1875, 458.0, 0.008125, 136.1875, 134.5, 133.5625, 458.625, 456.875, 454.5625
0.20978831347592225,1, 668.0, 1898.0, 0.04, 668.0, 669.0, 663.0, 1897.0, 1925.0, 1949.0
0.09401709401709402,7, 78.32653061224491, 247.30612244897958, 0.004877551020408163, 77.87755102040816, 78.81632653061224, 78.20408163265306, 247.20408163265304, 245.55102040816328, 241.57142857142858
0.002472799208704253,4, 154.375, 454.6875, 0.0094375, 153.5, 155.0625, 152.8125, 454.5625, 451.25, 445.25
0.9199999999999999,1, 547.0, 1866.0, 0.029, 547.0, 541.0, 538.0, 1866.0, 1863.0, 1861.0
0.3468338725085468,5, 106.24000000000001, 389.2, 0.00596, 106.0, 104.44000000000001, 105.32000000000001, 391.88, 390.76, 390.48
0.044642857142857144,4, 134.5, 456.8125, 0.0075625, 134.5, 134.5625, 134.125, 456.75, 455.9375, 453.8125
0.4473684210526316,3, 190.11111111111111, 570.5555555555555, 0.01, 190.11111111111111, 187.33333333333334, 184.11111111111111, 570.5555555555555, 559.7777777777777, 548.2222222222223
0.5591230662924629,1, 526.0, 1778.0, 0.03, 526.0, 521.0, 517.0, 1778.0, 1772.0, 1763.0
0.0847457627118644,6, 91.44444444444444, 288.19444444444446, 0.0053055555555555555, 91.44444444444444, 91.72222222222223, 91.80555555555556, 288.19444444444446, 285.47222222222223, 284.52777777777777
0.9090909090909091,2, 290.0, 909.0, 0.0175, 289.5, 293.5, 292.25, 910.0, 898.0, 899.25
0.30319148936170215,4, 111.5625, 398.5625, 0.0074375, 111.5, 109.4375, 108.125, 398.5625, 381.3125, 365.375
0.8914565826330532,1, 778.0, 1531.0, 0.03, 778.0, 758.0, 736.0, 1531.0, 1501.0, 1460.0
0.037286724927174365,1, 622.0, 1916.0, 0.03, 622.0, 622.0, 617.0, 1915.0, 1892.0, 1862.0
0.5286233530213539,3, 143.33333333333334, 620.5555555555555, 0.01011111111111111, 143.33333333333334, 141.11111111111111, 140.55555555555557, 620.5555555555555, 615.7777777777777, 616.5555555555555
0.935483870967742,2, 233.5, 967.0, 0.015, 253.25, 231.75, 230.0, 1021.75, 984.0, 964.25
0.5,3, 145.22222222222223, 641.2222222222223, 0.009777777777777778, 145.22222222222223, 138.44444444444443, 133.66666666666666, 641.2222222222223, 632.6666666666666, 626.8888888888889
0.6976981351981353,2, 242.0, 771.75, 0.015, 242.0, 234.25, 227.5, 771.75, 771.25, 776.75
0.875,1, 590.0, 1784.0, 0.04, 588.0, 613.0, 615.0, 1783.0, 1784.0, 1851.0
0.05963228348710511,3, 173.55555555555554, 571.8888888888889, 0.01011111111111111, 175.11111111111111, 171.44444444444446, 168.22222222222223, 594.1111111111111, 582.4444444444445, 567.8888888888889
0.9056603773584906,1, 504.0, 1590.0, 0.03, 505.0, 495.0, 490.0, 1590.0, 1629.0, 1688.0
0.007246376811594203,1, 684.0, 2009.0, 0.03, 684.0, 663.0, 642.0, 2009.0, 1993.0, 1947.0
0.6,1, 524.0, 2017.0, 0.031, 524.0, 510.0, 491.0, 2017.0, 2008.0, 2005.0
0.41485001407712074,1, 465.0, 1416.0, 0.03, 462.0, 447.0, 459.0, 1834.0, 1763.0, 1734.0
0.03986826139712255,1, 660.0, 1965.0, 0.03, 660.0, 657.0, 602.0, 1965.0, 1953.0, 1915.0
0.45454545454545453,8, 69.359375, 225.5625, 0.004375, 69.09375, 68.828125, 67.8125, 225.375, 222.046875, 217.25
0.9915014164305949,1, 426.0, 1707.0, 0.03, 414.0, 398.0, 384.0, 2176.0, 2202.0, 2246.0
0.051490514905149054,1, 591.0, 1776.0, 0.05, 587.0, 580.0, 527.0, 1786.0, 1757.0, 1741.0
