0.0,1, 542.0, 1788.0, 0.06, 531.0, 550.0, 540.0, 1778.0, 1789.0, 1749.0
0.02082912411450186,1, 619.0, 1587.0, 0.031, 619.0, 619.0, 613.0, 1587.0, 1553.0, 1509.0
0.43643745749829993,1, 545.0, 1692.0, 0.03, 545.0, 550.0, 556.0, 1692.0, 1687.0, 1683.0
0.28797816531883524,7, 92.0204081632653, 258.85714285714283, 0.007142857142857143, 91.46938775510205, 92.38775510204081, 89.95918367346938, 258.7142857142857, 257.14285714285717, 248.14285714285714
0.4304347826086956,3, 198.2222222222222, 492.8888888888889, 0.009888888888888888, 198.2222222222222, 197.66666666666666, 196.7777777777778, 492.8888888888889, 491.5555555555556, 490.22222222222223
1.0,3, 192.33333333333334, 589.0, 0.011222222222222224, 192.11111111111111, 194.88888888888889, 196.55555555555554, 588.7777777777777, 587.8888888888889, 586.2222222222223
0.07261164901661495,4, 140.875, 447.8125, 0.01175, 139.25, 137.75, 172.5, 447.9375, 447.5, 483.75
0.9056603773584906,11, 51.88429752066116, 155.07438016528926, 0.0032396694214876036, 51.72727272727273, 51.99173553719008, 52.80165289256199, 154.71900826446281, 156.36363636363637, 159.40495867768595
0.989451476793249,7, 85.06122448979592, 281.87755102040813, 0.00736734693877551, 84.53061224489795, 85.04081632653062, 81.34693877551021, 282.36734693877554, 277.0408163265306, 265.59183673469386
0.20833333333333334,1, 680.0, 1822.0, 0.04, 678.0, 693.0, 704.0, 1827.0, 1778.0, 1731.0
0.3333333333333333,1, 595.0, 1645.0, 0.05, 591.0, 596.0, 581.0, 1637.0, 1645.0, 1595.0
0.4827586206896552,1, 666.0, 2019.0, 0.03, 666.0, 661.0, 655.0, 2019.0, 2006.0, 1994.0
0.26754289597142034,11, 53.066115702479344, 165.72727272727272, 0.004223140495867769, 52.892561983471076, 53.04132231404959, 55.710743801652896, 165.8512396694215, 164.28925619834712, 164.11570247933884
0.7746112594346588,2, 283.25, 914.25, 0.02525, 281.25, 286.25, 284.5, 916.25, 900.75, 865.25
0.5145823094171409,1, 576.0, 1641.0, 0.05, 578.0, 571.0, 554.0, 1639.0, 1637.0, 1628.0
0.4857142857142857,1, 595.0, 1739.0, 0.04, 593.0, 604.0, 609.0, 1738.0, 1742.0, 1754.0
0.5,1, 644.0, 1870.0, 0.029, 644.0, 642.0, 641.0, 1870.0, 1862.0, 1859.0
-0.0032147828574918907,1, 521.0, 1819.0, 0.05, 514.0, 523.0, 495.0, 1812.0, 1800.0, 1668.0
0.39601850516956444,1, 565.0, 1708.0, 0.049, 561.0, 567.0, 563.0, 1715.0, 1707.0, 1691.0
0.3858168631654727,3, 182.44444444444446, 608.0, 0.013333333333333334, 183.88888888888889, 186.0, 189.66666666666666, 625.1111111111111, 622.0, 621.1111111111111
0.9324324324324325,3, 177.66666666666666, 523.2222222222223, 0.011222222222222224, 177.66666666666666, 178.44444444444446, 180.33333333333334, 523.5555555555555, 521.8888888888889, 520.2222222222223
0.037286724927174365,3, 199.2222222222222, 716.4444444444445, 0.016777777777777777, 195.7777777777778, 203.44444444444446, 209.55555555555554, 712.7777777777778, 715.7777777777778, 702.6666666666666
0.22993864229373032,1, 526.0, 1886.0, 0.069, 501.0, 573.0, 609.0, 1872.0, 1864.0, 1833.0
0.7529680365296804,2, 280.0, 937.0, 0.0275, 277.75, 282.0, 286.25, 929.0, 936.25, 908.25
0.43993552669005404,2, 295.25, 832.75, 0.01475, 295.25, 295.75, 296.0, 832.75, 831.0, 829.25
0.9901960784313726,2, 295.25, 822.5, 0.0175, 294.75, 297.5, 296.75, 822.75, 818.5, 813.25
0.01825117263784198,1, 603.0, 1528.0, 0.05, 599.0, 601.0, 597.0, 1526.0, 1539.0, 1531.0
0.16866374487131666,2, 305.25, 903.0, 0.025, 300.75, 309.25, 307.25, 908.5, 877.25, 831.5
0.3638457203316736,4, 151.1875, 408.9375, 0.009375000000000001, 150.75, 153.625, 152.6875, 409.125, 404.0625, 391.4375
0.03568369968598344,1, 579.0, 1745.0, 0.05, 580.0, 597.0, 593.0, 1811.0, 1774.0, 1743.0
0.047573739295908656,6, 92.69444444444444, 294.22222222222223, 0.006361111111111112, 92.6111111111111, 93.02777777777777, 92.19444444444444, 294.22222222222223, 292.6666666666667, 289.72222222222223
0.9199999999999999,2, 278.75, 845.25, 0.01725, 279.25, 275.25, 269.75, 846.25, 842.0, 842.0
0.3169086541174173,1, 594.0, 2118.0, 0.07, 589.0, 607.0, 633.0, 2115.0, 2169.0, 2323.0
0.25,3, 204.2222222222222, 772.2222222222222, 0.014333333333333335, 199.0, 210.0, 205.66666666666666, 772.0, 760.4444444444445, 708.6666666666666
0.4888888888888889,4, 143.25, 446.4375, 0.01375, 141.8125, 144.875, 146.1875, 448.3125, 439.6875, 435.75
0.11457431215500621,3, 191.33333333333334, 662.0, 0.019, 189.44444444444446, 193.33333333333334, 191.7777777777778, 663.6666666666666, 654.8888888888889, 645.5555555555555
0.8583333333333334,7, 79.6938775510204, 307.9183673469388, 0.006979591836734691, 78.93877551020408, 80.14285714285714, 78.34693877551021, 306.51020408163265, 304.83673469387753, 294.2040816326531
0.029940119760479042,1, 564.0, 1900.0, 0.06, 569.0, 565.0, 570.0, 1862.0, 1923.0, 1887.0
0.03540179922937689,19, 31.54847645429363, 98.25484764542936, 0.0021385041551246543, 31.60664819944598, 31.65096952908587, 33.50692520775623, 98.72576177285319, 98.40443213296399, 99.28531855955679
0.09613819705639245,1, 628.0, 1821.0, 0.04, 628.0, 629.0, 629.0, 1820.0, 1817.0, 1768.0
0.6047008547008548,4, 149.6875, 477.6875, 0.0125625, 148.75, 150.5, 151.1875, 478.625, 473.125, 460.5625
0.11904761904761904,4, 140.0625, 438.5, 0.01, 140.8125, 142.5, 144.0625, 451.125, 444.9375, 437.9375
0.16366612111292964,2, 284.5, 941.0, 0.02275, 283.0, 289.0, 294.5, 943.75, 929.25, 905.0
0.21055693545331977,1, 601.0, 1754.0, 0.041, 600.0, 604.0, 603.0, 1752.0, 1762.0, 1757.0
0.14556962025316456,6, 100.80555555555556, 309.75, 0.006916666666666667, 100.58333333333333, 101.16666666666667, 98.58333333333333, 309.9166666666667, 305.9166666666667, 298.3333333333333
0.06573290878638645,1, 616.0, 1639.0, 0.04, 616.0, 609.0, 589.0, 1642.0, 1615.0, 1588.0
0.9768518518518519,7, 85.87755102040816, 263.2448979591837, 0.0065306122448979586, 85.06122448979592, 86.83673469387756, 87.12244897959184, 263.9387755102041, 258.89795918367344, 251.14285714285714
0.2582808742897702,2, 277.5, 894.75, 0.01975, 277.25, 281.25, 285.5, 894.0, 894.25, 882.5
0.08250825082508251,2, 278.0, 956.75, 0.0225, 275.25, 285.0, 300.5, 955.75, 956.25, 951.0
0.853299856527977,1, 603.0, 1841.0, 0.05, 593.0, 618.0, 627.0, 1831.0, 1842.0, 1736.0
0.01737228245385574,4, 148.8125, 387.875, 0.009375, 149.0625, 146.8125, 145.5625, 387.9375, 385.8125, 387.0625
0.3975563909774436,1, 558.0, 1619.0, 0.05, 553.0, 557.0, 549.0, 1638.0, 1618.0, 1585.0
0.0662940654052643,2, 295.5, 955.5, 0.0275, 292.5, 298.75, 298.25, 963.0, 944.0, 909.25
0.23226773226773229,3, 184.2222222222222, 631.5555555555555, 0.017777777777777778, 181.0, 189.44444444444446, 198.66666666666666, 632.6666666666666, 605.1111111111111, 590.0
0.3468338725085468,1, 565.0, 1740.0, 0.06, 542.0, 580.0, 591.0, 1799.0, 1685.0, 1574.0
0.5555555555555556,2, 269.5, 887.75, 0.015, 277.25, 278.5, 277.0, 1001.0, 1015.0, 1032.0
0.7004124065641378,1, 570.0, 1808.0, 0.05, 556.0, 592.0, 571.0, 1792.0, 1819.0, 1808.0
0.4473684210526316,2, 290.25, 788.75, 0.015, 290.25, 290.75, 290.5, 788.75, 782.5, 777.5
0.7252567693744165,1, 543.0, 1983.0, 0.05, 526.0, 575.0, 575.0, 1976.0, 1993.0, 1982.0
0.5591230662924629,1, 597.0, 1675.0, 0.04, 596.0, 598.0, 592.0, 1678.0, 1653.0, 1624.0
0.003323262839879154,1, 621.0, 1909.0, 0.049, 616.0, 627.0, 641.0, 1912.0, 1905.0, 1863.0
0.0847457627118644,2, 291.5, 906.75, 0.02725, 286.25, 307.0, 376.0, 903.0, 935.0, 1000.0
0.4949186991869919,2, 304.25, 909.75, 0.02725, 292.0, 316.0, 312.0, 912.0, 902.5, 890.25
0.8914565826330532,2, 296.5, 919.0, 0.0225, 295.0, 296.75, 294.5, 920.5, 910.0, 869.5
0.9,7, 83.42857142857143, 254.46938775510202, 0.007346938775510204, 81.71428571428571, 85.16326530612244, 85.67346938775509, 255.30612244897958, 251.69387755102042, 247.30612244897958
0.8333333333333333,3, 187.55555555555554, 622.5555555555555, 0.015333333333333336, 187.66666666666666, 187.7777777777778, 210.7777777777778, 623.7777777777777, 618.8888888888889, 659.7777777777777
0.5232058376276886,1, 565.0, 1768.0, 0.039, 565.0, 563.0, 566.0, 1769.0, 1762.0, 1739.0
0.5714285714285714,4, 136.3125, 471.4375, 0.011875, 135.0625, 137.8125, 138.5625, 472.75, 467.5625, 456.25
0.5286233530213539,2, 313.25, 788.0, 0.01975, 313.25, 314.0, 314.75, 789.0, 780.25, 759.0
0.016722408026755852,1, 610.0, 1594.0, 0.041, 610.0, 601.0, 594.0, 1595.0, 1579.0, 1584.0
0.007246376811594203,1, 531.0, 1888.0, 0.05, 534.0, 523.0, 504.0, 1879.0, 1875.0, 1762.0
0.6,1, 631.0, 1638.0, 0.03, 631.0, 634.0, 625.0, 1638.0, 1737.0, 1739.0
0.03986826139712255,2, 306.75, 837.75, 0.025, 303.75, 309.75, 347.25, 840.0, 836.0, 876.0
0.06119523026890933,1, 605.0, 1883.0, 0.051, 591.0, 622.0, 622.0, 1913.0, 1833.0, 1791.0
0.051490514905149054,1, 550.0, 1719.0, 0.05, 714.0, 661.0, 698.0, 1991.0, 1937.0, 2324.0
