0.4304347826086956,1, 857.0, 1461.0, 0.22, 852.0, 675.0, 778.0, 1460.0, 1366.0, 1407.0
1.0,1, 805.0, 992.0, 0.11, 803.0, 823.0, 849.0, 978.0, 1032.0, 1193.0
0.0,3, 270.44444444444446, 477.22222222222223, 0.058888888888888886, 262.55555555555554, 272.44444444444446, 267.6666666666667, 475.5555555555556, 474.77777777777777, 506.5555555555556
0.989451476793249,5, 129.95999999999998, 297.12, 0.02, 130.68, 141.04000000000002, 139.88, 298.96, 291.0, 298.56
0.11904761904761904,1, 920.0, 1170.0, 0.12, 910.0, 940.0, 1000.0, 1225.0, 1206.0, 1453.0
0.09732706075762634,1, 581.0, 1178.0, 0.1, 576.0, 642.0, 668.0, 1166.0, 1211.0, 1329.0
0.39601850516956444,1, 768.0, 1430.0, 0.111, 762.0, 788.0, 777.0, 1449.0, 1338.0, 1398.0
0.26754289597142034,6, 127.1388888888889, 227.44444444444446, 0.01338888888888889, 123.8611111111111, 129.80555555555557, 119.80555555555556, 233.19444444444446, 220.58333333333334, 227.33333333333334
0.002472799208704253,1, 716.0, 1547.0, 0.169, 703.0, 676.0, 822.0, 1536.0, 1443.0, 1371.0
0.7004124065641378,1, 795.0, 1658.0, 0.071, 780.0, 803.0, 781.0, 1679.0, 1620.0, 1610.0
0.08950545727963642,1, 776.0, 1223.0, 0.07, 743.0, 779.0, 704.0, 1222.0, 1255.0, 1333.0
0.5,2, 419.25, 686.5, 0.0675, 447.5, 621.5, 589.25, 765.0, 882.0, 834.75
0.4888888888888889,1, 414.0, 1587.0, 0.029, 414.0, 414.0, 414.0, 1587.0, 1588.0, 1581.0
0.9,2, 401.75, 631.0, 0.06225, 388.25, 417.0, 411.0, 635.25, 649.0, 707.0
