0.0,11, 53.735537190082646, 130.6611570247934, 0.012305785123966944, 53.48760330578512, 54.628099173553714, 55.92561983471074, 131.4380165289256, 129.27272727272728, 128.53719008264463
0.28797816531883524,254, 2.223975447950896, 6.281604563209127, 0.0002956940913881827, 2.2601680203360406, 2.2452879905759815, 2.2766755533511067, 6.397157294314589, 6.388585777171555, 6.51494202988406
0.26754289597142034,268, 2.167088995321898, 6.277414234796169, 0.0003108849409668076, 2.167088995321898, 2.1756933615504566, 2.2306053686789933, 6.345441635108042, 6.27511695255068, 6.3907329026509245
1.0,5, 111.4, 313.76, 0.0128, 111.67999999999999, 110.52000000000001, 110.47999999999999, 315.88, 308.32, 315.04
0.02082912411450186,3, 191.0, 582.6666666666666, 0.024555555555555556, 171.88888888888889, 211.55555555555554, 211.88888888888889, 580.5555555555555, 578.6666666666666, 581.7777777777777
0.43643745749829993,1, 512.0, 1566.0, 0.07, 518.0, 500.0, 494.0, 1575.0, 1603.0, 1637.0
0.4949186991869919,16, 35.2265625, 94.64453125, 0.00604296875, 35.17578125, 35.6015625, 35.20703125, 95.28125, 94.8203125, 93.83203125
0.4304347826086956,19, 31.559556786703602, 79.86149584487535, 0.004390581717451524, 31.41828254847645, 31.673130193905816, 34.83102493074792, 80.0387811634349, 79.04709141274238, 78.62049861495845
0.07261164901661495,8, 68.578125, 193.171875, 0.0059375, 67.578125, 69.34375, 71.046875, 198.0, 199.921875, 203.53125
0.3333333333333333,3, 167.88888888888889, 462.3333333333333, 0.011333333333333334, 167.66666666666666, 166.66666666666666, 164.11111111111111, 462.6666666666667, 455.0, 446.4444444444444
0.9056603773584906,56, 10.424744897959185, 29.49968112244898, 0.0009866071428571426, 10.443239795918368, 10.46173469387755, 10.892538265306124, 29.898915816326532, 29.354910714285715, 30.210140306122447
0.989451476793249,104, 5.360207100591716, 14.802514792899409, 0.0009243713017751478, 5.384522928994083, 5.377496301775148, 5.341531065088757, 14.930196005917159, 14.879068047337277, 15.173354289940828
0.320503682584937,11, 51.29752066115702, 150.46280991735537, 0.007429752066115703, 51.1900826446281, 51.07438016528926, 50.628099173553714, 150.7603305785124, 149.4710743801653, 145.900826446281
0.16129032258064516,2, 260.0, 752.5, 0.02475, 262.75, 257.0, 306.25, 744.0, 767.5, 756.75
0.20833333333333334,5, 106.4, 328.15999999999997, 0.02596, 106.44000000000001, 105.8, 104.4, 331.28000000000003, 324.91999999999996, 324.64
0.4827586206896552,2, 258.25, 707.25, 0.0325, 262.25, 246.5, 234.5, 712.25, 696.75, 707.0
0.11904761904761904,11, 51.25619834710744, 140.25619834710744, 0.007685950413223141, 51.4793388429752, 51.223140495867774, 52.49586776859505, 141.28099173553719, 139.29752066115702, 146.69421487603307
0.23226773226773229,18, 31.435185185185187, 89.73456790123457, 0.003669753086419753, 31.450617283950617, 31.219135802469136, 34.15432098765432, 90.28395061728395, 89.33024691358024, 93.20679012345678
0.7746112594346588,1, 567.0, 1655.0, 0.07, 575.0, 564.0, 574.0, 1705.0, 1590.0, 1509.0
0.5145823094171409,4, 120.75, 421.5, 0.018187500000000002, 122.375, 119.1875, 117.6875, 427.5, 414.375, 396.0625
0.11518225545177777,10, 57.5, 149.69, 0.0126, 57.620000000000005, 57.5, 56.15, 150.6, 150.22, 156.14000000000001
0.4473684210526316,38, 14.78185595567867, 41.369113573407205, 0.0017326869806094179, 14.87119113573407, 14.576177285318561, 15.540166204986148, 41.498614958448755, 41.61772853185595, 42.813019390581715
0.4857142857142857,13, 41.57988165680474, 123.5621301775148, 0.008183431952662721, 41.786982248520715, 40.4319526627219, 39.18934911242604, 123.8639053254438, 124.44378698224851, 129.46153846153845
0.1875,2, 286.0, 738.25, 0.065, 285.5, 279.25, 271.5, 745.75, 745.0, 799.0
0.8685759145912924,29, 19.31510107015458, 54.243757431629014, 0.0026266349583828775, 19.318668252080858, 20.067776456599287, 20.764565992865638, 55.686087990487515, 53.93341260404281, 53.99762187871581
0.5,8, 71.765625, 201.78125, 0.010203125, 73.375, 72.90625, 88.21875, 209.5625, 202.59375, 213.078125
-0.0032147828574918907,2, 293.0, 809.5, 0.02, 293.0, 286.75, 271.25, 808.5, 807.25, 818.0
0.39601850516956444,13, 39.591715976331365, 131.2662721893491, 0.005260355029585799, 39.96449704142012, 40.18343195266272, 42.053254437869825, 136.23668639053255, 137.59171597633136, 141.6508875739645
0.3858168631654727,35, 15.062040816326531, 44.95183673469388, 0.0022848979591836736, 16.42448979591837, 16.289795918367346, 16.35591836734694, 46.48979591836735, 46.4865306122449, 47.04081632653061
0.9324324324324325,17, 30.653979238754324, 96.87543252595157, 0.004698961937716264, 30.674740484429066, 30.49134948096886, 29.865051903114185, 97.11418685121107, 97.03806228373703, 97.78200692041523
0.6666666666666666,9, 62.85185185185185, 190.16049382716048, 0.006530864197530865, 62.839506172839506, 62.14814814814815, 67.1604938271605, 191.16049382716048, 189.6172839506173, 189.679012345679
0.037286724927174365,78, 7.446581196581197, 20.51939513477975, 0.0011849112426035508, 7.437047994740301, 7.393326758711374, 7.357001972386588, 20.60207100591716, 20.44871794871795, 20.463510848126234
0.9558498896247241,6, 93.47222222222223, 250.86111111111111, 0.011111111111111112, 93.52777777777777, 92.77777777777777, 93.6388888888889, 256.4166666666667, 244.7222222222222, 249.88888888888889
0.22993864229373032,2, 302.5, 761.75, 0.11275, 297.5, 321.0, 345.25, 771.75, 769.25, 748.25
0.9901960784313726,4, 131.4375, 386.5625, 0.0193125, 134.75, 137.8125, 282.625, 398.875, 400.0625, 490.0
0.7529680365296804,4, 129.75, 432.625, 0.015, 129.5, 129.375, 129.5625, 439.1875, 426.3125, 415.5
0.3638457203316736,14, 39.494897959183675, 107.88775510204081, 0.005301020408163265, 39.5, 39.484693877551024, 40.75, 108.37244897959184, 107.0, 105.96938775510205
0.43993552669005404,22, 26.235537190082642, 70.4504132231405, 0.003698347107438017, 26.289256198347108, 25.966942148760328, 27.09090909090909, 70.89462809917356, 70.69214876033058, 71.90702479338843
0.20978831347592225,13, 42.89940828402367, 117.4733727810651, 0.0077988165680473375, 42.798816568047336, 42.71597633136094, 42.917159763313606, 118.55029585798817, 114.73964497041419, 117.55621301775149
0.9985696771557009,12, 43.354166666666664, 138.51388888888889, 0.004201388888888888, 43.44444444444445, 43.27777777777778, 43.09027777777778, 138.55555555555557, 137.27083333333334, 135.57638888888889
0.01825117263784198,10, 57.67999999999999, 156.56, 0.01118, 57.989999999999995, 56.910000000000004, 55.27, 157.53, 156.85999999999999, 158.5
0.9199999999999999,27, 20.64471879286694, 58.16598079561043, 0.0032853223593964334, 20.641975308641978, 20.469135802469136, 20.13443072702332, 58.54732510288066, 58.27572016460905, 59.23868312757201
0.16866374487131666,6, 94.91666666666667, 252.80555555555554, 0.011166666666666665, 94.72222222222223, 95.72222222222223, 94.1111111111111, 256.0833333333333, 247.5277777777778, 239.16666666666666
0.03568369968598344,5, 109.08, 306.6, 0.012760000000000002, 108.52000000000001, 109.2, 109.24000000000001, 314.36, 299.12, 310.8
0.047573739295908656,14, 38.382653061224495, 104.81632653061224, 0.003117346938775511, 38.26020408163265, 38.566326530612244, 39.382653061224495, 104.98979591836735, 103.92857142857143, 103.37755102040816
0.5714285714285714,9, 59.888888888888886, 172.19753086419755, 0.010777777777777778, 59.67901234567901, 59.666666666666664, 59.75308641975309, 174.06172839506175, 170.28395061728395, 173.37037037037035
0.3169086541174173,3, 180.2222222222222, 527.6666666666666, 0.015555555555555557, 180.0, 180.11111111111111, 182.11111111111111, 532.7777777777777, 520.4444444444445, 531.0
0.4699356283782079,2, 325.5, 781.25, 0.0225, 324.75, 321.75, 342.0, 781.75, 782.75, 792.25
0.25,11, 51.603305785123965, 138.50413223140495, 0.008082644628099173, 51.90082644628099, 52.14049586776859, 55.50413223140495, 141.3305785123967, 137.85950413223142, 140.74380165289256
0.4888888888888889,40, 14.394375, 40.8875, 0.002466875, 14.371875, 14.273750000000001, 14.178125, 41.299375, 40.53875, 40.8425
0.11457431215500621,10, 54.489999999999995, 154.01, 0.010730000000000002, 54.160000000000004, 55.35, 57.3, 156.78, 148.78, 151.92000000000002
0.5232058376276886,9, 59.07407407407407, 179.7530864197531, 0.010728395061728395, 58.65432098765432, 59.60493827160494, 60.04938271604939, 182.40740740740742, 173.66666666666666, 170.08641975308643
0.004,5, 117.6, 330.8, 0.013599999999999998, 117.28, 116.4, 107.55999999999999, 335.64, 323.64, 343.15999999999997
0.8189551750463518,5, 112.47999999999999, 286.91999999999996, 0.01684, 112.64000000000001, 110.84, 111.16, 290.56, 273.12, 283.24
0.8583333333333334,23, 23.46313799621928, 74.22684310018903, 0.003217391304347826, 23.46502835538752, 23.344045368620037, 23.389413988657843, 74.84877126654064, 74.0226843100189, 75.72400756143668
0.7924477861944679,18, 33.18518518518519, 74.01851851851852, 0.004104938271604939, 33.51851851851852, 32.25617283950617, 31.626543209876544, 75.42592592592592, 71.27469135802468, 72.0925925925926
0.029940119760479042,17, 30.892733564013838, 86.72318339100346, 0.004809688581314879, 30.986159169550174, 30.88235294117647, 32.266435986159166, 87.08650519031141, 86.2387543252595, 86.75778546712803
0.851063829787234,5, 123.92, 327.91999999999996, 0.0068000000000000005, 124.47999999999999, 124.88, 128.64000000000001, 337.68, 336.96, 343.68
0.03540179922937689,17, 32.318339100346016, 85.08304498269896, 0.003231833910034603, 32.24221453287197, 32.391003460207614, 31.667820069204154, 85.75778546712803, 84.55363321799308, 85.9446366782007
0.0461236316271587,10, 56.08, 165.43, 0.00499, 56.2, 55.620000000000005, 57.120000000000005, 165.95, 166.47, 172.44
0.09613819705639245,12, 44.28472222222222, 132.94444444444443, 0.00288888888888889, 45.763888888888886, 45.93055555555555, 45.99305555555555, 140.34722222222223, 139.71527777777777, 139.71527777777777
0.6047008547008548,6, 93.75, 251.4722222222222, 0.014666666666666668, 93.3888888888889, 94.52777777777777, 95.02777777777777, 258.3333333333333, 241.7222222222222, 236.2777777777778
0.0664819944598338,4, 130.4375, 410.75, 0.0093125, 129.5625, 131.8125, 134.25, 413.875, 405.375, 402.9375
0.9768518518518519,8, 71.515625, 199.4375, 0.008109374999999999, 71.796875, 70.578125, 74.140625, 200.8125, 197.46875, 213.359375
0.9,51, 10.995001922337563, 31.03037293348712, 0.0023960015378700497, 10.9838523644752, 11.028066128412148, 11.253364090734332, 31.34794309880815, 30.487889273356405, 30.845059592464434
0.16366612111292964,1, 581.0, 1349.0, 0.031, 581.0, 592.0, 605.0, 1349.0, 1351.0, 1358.0
0.34014806386840046,2, 285.5, 844.5, 0.04775, 284.75, 293.0, 302.75, 861.75, 829.75, 879.75
0.21055693545331977,3, 172.7777777777778, 534.6666666666666, 0.01988888888888889, 173.0, 170.44444444444443, 161.11111111111111, 538.4444444444445, 528.5555555555555, 539.2222222222223
0.09732706075762634,11, 48.61983471074381, 141.94214876033058, 0.011157024793388431, 48.87603305785124, 48.214876033057855, 53.35537190082644, 142.4710743801653, 142.06611570247935, 147.8181818181818
0.8166666666666667,9, 64.45679012345678, 161.76543209876544, 0.012308641975308643, 64.19753086419753, 65.17283950617283, 63.382716049382715, 162.33333333333334, 164.08641975308643, 166.64197530864197
0.3975563909774436,11, 52.71900826446281, 141.02479338842974, 0.016099173553719006, 52.94214876033058, 51.611570247933884, 51.49586776859505, 141.37190082644628, 142.15702479338844, 140.0082644628099
0.21524064171122995,4, 132.0, 397.625, 0.0224375, 131.875, 133.25, 134.375, 404.5625, 398.5625, 412.0
0.9886561954624782,4, 139.875, 361.5625, 0.022500000000000003, 139.0, 140.8125, 142.6875, 367.875, 359.1875, 363.75
0.08950545727963642,14, 41.51020408163265, 109.16836734693878, 0.004255102040816326, 41.20918367346939, 42.01020408163265, 42.704081632653065, 111.07653061224491, 105.84183673469387, 105.34183673469387
0.14556962025316456,12, 45.541666666666664, 118.79166666666667, 0.010694444444444444, 45.72222222222222, 46.86805555555555, 46.84027777777778, 120.0625, 120.0138888888889, 124.28472222222223
0.06573290878638645,4, 145.5, 408.1875, 0.0199375, 145.4375, 145.625, 142.25, 420.4375, 399.0, 412.0625
0.2582808742897702,5, 112.72, 305.12, 0.009600000000000001, 113.52000000000001, 111.24000000000001, 118.4, 306.76, 304.76, 307.08000000000004
0.08250825082508251,17, 30.878892733564015, 97.35640138408304, 0.0033806228373702433, 30.688581314878896, 31.577854671280278, 35.28373702422146, 98.82006920415225, 95.6470588235294, 95.89965397923875
0.853299856527977,1, 534.0, 1664.0, 0.071, 532.0, 530.0, 553.0, 1675.0, 1674.0, 1727.0
0.1721311475409836,17, 32.91695501730104, 94.85121107266436, 0.003629757785467129, 32.86505190311419, 33.069204152249135, 33.377162629757784, 95.4878892733564, 93.98269896193771, 93.10034602076125
0.01737228245385574,3, 168.11111111111111, 543.6666666666666, 0.015555555555555557, 170.0, 163.55555555555557, 165.44444444444443, 538.4444444444445, 537.6666666666666, 530.4444444444445
0.0662940654052643,21, 26.095238095238095, 75.50113378684807, 0.002927437641723357, 26.15873015873016, 25.81859410430839, 25.952380952380953, 76.03628117913833, 73.80952380952381, 73.31519274376417
0.09401709401709402,13, 42.50295857988166, 125.52071005917159, 0.00502958579881657, 42.50295857988166, 42.56213017751479, 42.37869822485207, 126.91124260355029, 121.73372781065088, 116.7455621301775
0.018518518518518517,5, 110.52000000000001, 291.52, 0.030800000000000004, 112.08, 112.2, 113.72, 319.6, 308.64, 299.08000000000004
0.002472799208704253,23, 24.069943289224952, 67.11153119092627, 0.005357277882797732, 24.351606805293006, 24.293005671077506, 23.822306238185256, 68.06616257088847, 67.06805293005671, 68.16068052930056
0.7004124065641378,24, 22.678819444444443, 68.17708333333333, 0.004515625, 22.911458333333332, 23.133680555555557, 25.53298611111111, 68.82118055555556, 68.61979166666667, 70.36458333333333
0.3468338725085468,8, 68.28125, 199.0, 0.00815625, 68.1875, 68.5, 69.015625, 202.71875, 196.171875, 196.171875
0.5555555555555556,6, 86.75, 264.97222222222223, 0.005805555555555556, 86.47222222222223, 87.27777777777777, 86.41666666666667, 264.75, 265.97222222222223, 265.8333333333333
0.044642857142857144,4, 147.625, 361.125, 0.027499999999999997, 148.25, 146.1875, 142.4375, 364.0, 352.875, 365.5625
0.7252567693744165,4, 144.5625, 400.125, 0.0143125, 144.3125, 150.0625, 152.1875, 411.5625, 390.125, 372.8125
0.5591230662924629,11, 51.81818181818182, 137.96694214876035, 0.009438016528925619, 51.53719008264463, 51.85950413223141, 51.15702479338843, 139.95867768595042, 134.32231404958677, 131.37190082644628
0.003323262839879154,4, 130.8125, 375.8125, 0.026187500000000002, 130.8125, 138.1875, 137.0, 385.1875, 383.125, 397.3125
0.0847457627118644,15, 37.64888888888889, 99.18666666666667, 0.0061377777777777785, 37.635555555555555, 37.422222222222224, 38.519999999999996, 100.05333333333333, 99.24888888888889, 103.96000000000001
0.9090909090909091,5, 112.28, 310.28000000000003, 0.011960000000000002, 111.67999999999999, 111.67999999999999, 111.64000000000001, 315.36, 307.36, 316.88
0.30319148936170215,5, 108.4, 320.24, 0.02484, 108.47999999999999, 109.8, 112.44000000000001, 325.91999999999996, 312.6, 312.44
0.8914565826330532,13, 47.50887573964497, 122.70414201183432, 0.006976331360946746, 47.46153846153846, 47.46153846153846, 46.917159763313606, 123.46745562130178, 119.98224852071006, 122.8639053254438
0.8333333333333333,6, 91.27777777777777, 264.30555555555554, 0.013916666666666667, 90.69444444444444, 92.77777777777777, 90.05555555555556, 266.0, 258.22222222222223, 251.63888888888889
0.5286233530213539,9, 63.29629629629629, 176.07407407407408, 0.0076419753086419745, 63.28395061728395, 63.76543209876544, 65.48148148148148, 177.01234567901236, 173.93827160493825, 177.3827160493827
0.935483870967742,3, 185.0, 494.5555555555556, 0.04555555555555555, 186.44444444444446, 179.2222222222222, 176.11111111111111, 498.1111111111111, 496.4444444444444, 504.22222222222223
0.0054466230936819175,1, 530.0, 1717.0, 0.08, 536.0, 521.0, 517.0, 1726.0, 1716.0, 1744.0
0.6976981351981353,9, 62.34567901234568, 184.09876543209876, 0.008506172839506172, 65.64197530864197, 61.98765432098766, 58.39506172839506, 188.79012345679013, 183.4320987654321, 179.88888888888889
0.875,2, 258.75, 876.5, 0.0275, 256.75, 262.0, 267.25, 886.75, 872.0, 869.75
0.05963228348710511,4, 144.8125, 350.0625, 0.01575, 144.875, 143.375, 157.4375, 352.9375, 346.5, 364.3125
0.016722408026755852,5, 111.47999999999999, 317.2, 0.024799999999999996, 111.0, 113.8, 108.92, 322.8, 316.24, 315.36
0.007246376811594203,14, 39.275510204081634, 122.38775510204081, 0.004438775510204082, 39.1530612244898, 39.142857142857146, 38.673469387755105, 124.4438775510204, 124.59183673469387, 124.3061224489796
0.6,8, 69.40625, 189.671875, 0.018328125, 69.765625, 67.875, 83.890625, 190.03125, 193.34375, 213.6875
0.41485001407712074,3, 184.0, 532.3333333333334, 0.03444444444444445, 184.2222222222222, 180.7777777777778, 182.7777777777778, 530.8888888888889, 560.4444444444445, 534.7777777777777
0.03986826139712255,15, 40.32, 98.6, 0.005377777777777777, 40.25333333333333, 40.08888888888889, 39.626666666666665, 99.96888888888888, 96.85777777777777, 97.2
0.45454545454545453,3, 167.88888888888889, 519.4444444444445, 0.01888888888888889, 167.11111111111111, 169.11111111111111, 167.33333333333334, 522.8888888888889, 514.2222222222223, 514.4444444444445
0.06119523026890933,4, 150.8125, 403.9375, 0.0193125, 150.0625, 149.8125, 164.6875, 406.3125, 404.3125, 442.125
0.9915014164305949,8, 64.640625, 182.546875, 0.011375, 65.703125, 65.90625, 65.859375, 185.546875, 183.671875, 185.765625
0.051490514905149054,5, 110.44000000000001, 319.91999999999996, 0.017240000000000002, 109.44000000000001, 109.12, 101.44, 320.76, 299.8, 291.68
